0.381818 0.101794 0.101019 0.100547 0.100253 0.100066 0.0999453 0.0998655 0.099812 0.0997754 
0.58718 0.117219 0.108702 0.104057 0.101467 0.100017 0.0992123 0.0987762 0.0985502 0.0984431 
0.492974 0.097714 0.098241 0.0984785 0.0985886 0.0986417 0.0986686 0.0986833 0.0986924 0.0986985 
0.196665 0.0996616 0.0990068 0.0986319 0.09843 0.0983322 0.098295 0.0982915 0.0983053 0.0983268 
0.689104 0.102983 0.100936 0.0998733 0.0993052 0.0990005 0.0988395 0.0987578 0.0987198 0.0987055 
0.78929 0.0958071 0.0975159 0.0983654 0.0987872 0.0989904 0.0990806 0.0991128 0.0991165 0.0991067 
0.595859 0.0887493 0.0933298 0.095813 0.0971855 0.0979504 0.0983754 0.0986077 0.0987315 0.098794 
0.329251 0.09854 0.0978015 0.0974683 0.0973371 0.0973094 0.0973328 0.0973791 0.0974327 0.0974859 
0.684667 0.106502 0.103315 0.101533 0.100508 0.0999101 0.0995606 0.099357 0.0992396 0.0991731 
0.91951 0.107928 0.103859 0.101579 0.100268 0.0995062 0.0990633 0.0988071 0.098661 0.0985801 
0.192302 0.100239 0.099617 0.0993275 0.0991953 0.0991408 0.0991247 0.0991271 0.0991377 0.0991512 
0.192305 0.100239 0.0996168 0.0993273 0.0991952 0.0991406 0.0991246 0.0991271 0.0991377 0.0991512 
0.78446 0.118307 0.109602 0.104805 0.102094 0.100546 0.0996631 0.0991647 0.098889 0.0987424 
0.567501 0.10366 0.102324 0.101546 0.101066 0.100755 0.100548 0.100405 0.100304 0.100231 
0.295754 0.0983469 0.0980597 0.0979506 0.0979324 0.0979573 0.0980002 0.098048 0.0980942 0.098136 
0.783881 0.102386 0.101193 0.100469 0.100017 0.0997297 0.0995452 0.0994255 0.0993472 0.0992954 
0.684702 0.106982 0.10336 0.10147 0.100445 0.0998787 0.0995654 0.0993935 0.0993016 0.0992551 
0.520055 0.119115 0.109617 0.104511 0.10169 0.100121 0.0992529 0.0987837 0.0985404 0.0984248 
0.493957 0.0961554 0.0971142 0.0975982 0.0978664 0.098024 0.0981214 0.0981843 0.0982263 0.0982552 
0.392957 0.10046 0.0993439 0.0987934 0.0985263 0.0984059 0.0983616 0.0983562 0.0983691 0.0983896 
0.391142 0.10365 0.101093 0.0998138 0.0991615 0.0988346 0.09868 0.0986167 0.0986009 0.0986087 
0.192242 0.100247 0.0996225 0.0993311 0.0991975 0.099142 0.0991252 0.099127 0.0991373 0.0991505 
0.261695 0.103696 0.100629 0.0990311 0.0981956 0.097772 0.0975738 0.0974978 0.0974859 0.097506 
0.295681 0.0983824 0.0980858 0.0979702 0.0979473 0.0979686 0.0980089 0.0980548 0.0980995 0.0981401 
0.591698 0.104297 0.101499 0.0998925 0.0989734 0.0984543 0.0981691 0.0980201 0.097949 0.0979215 
0.755082 0.105379 0.103684 0.102662 0.102006 0.101567 0.101263 0.101047 0.10089 0.100774 
0.492133 0.0992521 0.0987881 0.0985546 0.0984455 0.0984024 0.0983936 0.0984019 0.0984176 0.0984354 
0.593219 0.0951133 0.0967337 0.0975424 0.0979745 0.0982144 0.0983513 0.098431 0.0984781 0.0985063 
0.590447 0.0922795 0.0953887 0.0970197 0.0978979 0.098375 0.0986327 0.0987691 0.0988385 0.0988708 
0.755319 0.105336 0.103649 0.102632 0.101981 0.101545 0.101243 0.101029 0.100873 0.100758 
0.94297 0.10704 0.104997 0.103737 0.102911 0.102348 0.10195 0.101664 0.101452 0.101295 
0.37997 0.101939 0.100962 0.10043 0.100125 0.099943 0.0998317 0.099762 0.0997173 0.0996881 
0.567626 0.103641 0.102308 0.101533 0.101054 0.100745 0.100539 0.100396 0.100296 0.100224 
0.490259 0.102561 0.100617 0.0996265 0.0991115 0.0988463 0.0987154 0.0986568 0.0986366 0.0986363 
0.78386 0.102389 0.101196 0.100472 0.10002 0.0997327 0.099548 0.0994282 0.0993498 0.0992979 
0.5289 0.09312 0.0950018 0.0960824 0.0967216 0.0971107 0.0973534 0.0975083 0.0976097 0.0976777 
0.784349 0.118187 0.109485 0.104688 0.101975 0.100426 0.0995415 0.0990418 0.0987649 0.0986174 
0.598903 0.081585 0.0887422 0.0926042 0.0947674 0.096006 0.0967247 0.0971448 0.0973913 0.097536 
0.593417 0.0949129 0.0965729 0.0974097 0.0978624 0.0981177 0.0982661 0.0983547 0.0984088 0.0984422 
0.567767 0.103617 0.102289 0.101517 0.101041 0.100734 0.100528 0.100387 0.100288 0.100216 
0.724923 0.0970284 0.0973739 0.0976553 0.0978563 0.0979981 0.0980986 0.098171 0.0982241 0.0982639 
0.567693 0.103631 0.1023 0.101526 0.101048 0.10074 0.100534 0.100392 0.100292 0.10022 
0.393018 0.100444 0.0993328 0.0987854 0.0985207 0.098402 0.098359 0.0983544 0.0983682 0.0983893 
0.686663 0.103556 0.101415 0.100285 0.0996688 0.0993278 0.0991395 0.0990369 0.0989826 0.0989558 
0.943028 0.107033 0.10499 0.103731 0.102906 0.102343 0.101946 0.101659 0.101448 0.101291 
0.690592 0.0972082 0.0979973 0.0983622 0.0985436 0.0986365 0.0986848 0.0987101 0.0987231 0.0987294 
0.380052 0.101926 0.100952 0.100422 0.100118 0.0999374 0.0998271 0.099758 0.0997138 0.099685 
0.192359 0.100231 0.0996111 0.0993234 0.0991928 0.0991394 0.0991243 0.0991275 0.0991387 0.0991527 
0.295838 0.0983248 0.0980521 0.0979534 0.0979429 0.0979736 0.0980209 0.098072 0.0981209 0.0981646 
0.389728 0.109595 0.104564 0.101847 0.10035 0.0995233 0.0990748 0.0988403 0.098726 0.0986789 
0.293935 0.101611 0.0998536 0.0989929 0.0985723 0.0983775 0.0982996 0.0982817 0.098293 0.0983169 
0.880729 0.107414 0.104073 0.102175 0.101061 0.100393 0.0999895 0.0997431 0.0995921 0.0994992 
0.192343 0.100233 0.0996126 0.0993242 0.0991931 0.0991395 0.0991241 0.0991271 0.0991383 0.0991522 
0.567719 0.103628 0.102298 0.101524 0.101047 0.100738 0.100532 0.100391 0.100291 0.100219 
0.722233 0.106942 0.103045 0.100892 0.0996781 0.0989906 0.098605 0.0983938 0.0982828 0.0982291 
0.755391 0.10533 0.103643 0.102626 0.101975 0.10154 0.101238 0.101024 0.100869 0.100754 
0.380012 0.101934 0.100957 0.100426 0.100121 0.0999402 0.0998293 0.0997599 0.0997154 0.0996865 
0.593391 0.0950021 0.0966687 0.0975101 0.0979664 0.0982244 0.098375 0.0984653 0.0985206 0.0985551 
0.783986 0.102358 0.10117 0.100451 0.100002 0.0997173 0.0995347 0.0994166 0.0993395 0.0992887 
0.85865 0.0937892 0.095969 0.0970615 0.0976328 0.0979382 0.098103 0.098192 0.0982396 0.0982645 
0.524737 0.105932 0.1022 0.100171 0.0990519 0.0984387 0.0981112 0.0979455 0.0978703 0.0978447 
0.4903 0.102555 0.100606 0.0996116 0.0990932 0.0988257 0.0986928 0.0986326 0.0986113 0.09861 
0.392042 0.100524 0.0996327 0.0991394 0.0988661 0.0987188 0.0986441 0.098611 0.0986009 0.098603 
0.662754 0.0896586 0.0934684 0.0954334 0.0965004 0.0970986 0.0974413 0.0976413 0.0977596 0.0978302 
0.58543 0.107811 0.103538 0.101333 0.100153 0.099512 0.0991655 0.0989818 0.098889 0.0988463 
0.380185 0.101907 0.100936 0.100409 0.100107 0.0999286 0.0998193 0.0997512 0.0997077 0.0996795 
0.784181 0.102313 0.101132 0.100418 0.0999735 0.0996924 0.0995127 0.0993968 0.0993216 0.0992722 
0.192427 0.100221 0.0996038 0.0993178 0.0991885 0.0991362 0.0991219 0.0991258 0.0991375 0.0991518 
0.19243 0.100221 0.0996035 0.0993176 0.0991884 0.0991362 0.0991218 0.0991257 0.0991375 0.0991518 
0.464621 0.088427 0.0923508 0.0945513 0.0958319 0.0965984 0.0970674 0.0973601 0.0975465 0.0976673 
0.786648 0.0933063 0.0962837 0.0978098 0.0986043 0.0990146 0.0992192 0.0993135 0.0993493 0.099355 
0.459155 0.104576 0.101335 0.0996091 0.0986761 0.0981775 0.097921 0.0977994 0.0977519 0.0977438 
0.568044 0.103578 0.102257 0.10149 0.101018 0.100713 0.10051 0.100371 0.100273 0.100202 
0.380249 0.101898 0.100929 0.100403 0.100102 0.0999242 0.0998157 0.099748 0.0997049 0.099677 
0.593801 0.0950177 0.0966827 0.0975219 0.097976 0.0982319 0.098381 0.09847 0.0985243 0.0985579 
0.491497 0.0964473 0.0975692 0.0981447 0.0984504 0.098617 0.0987094 0.0987614 0.0987914 0.0988087 
0.56818 0.103554 0.102238 0.101475 0.101005 0.100702 0.1005 0.100362 0.100264 0.100195 
0.756016 0.105227 0.103559 0.102556 0.101915 0.101486 0.10119 0.10098 0.100828 0.100716 
0.687582 0.0973043 0.098286 0.0987561 0.0989809 0.0990843 0.0991272 0.0991405 0.0991398 0.0991329 
0.787129 0.0931196 0.0961178 0.097658 0.0984625 0.0988799 0.0990899 0.099188 0.099227 0.0992351 
0.380406 0.101872 0.100909 0.100387 0.10009 0.0999135 0.0998068 0.0997404 0.0996983 0.0996711 
0.587765 0.104512 0.101747 0.10032 0.0995611 0.0991543 0.0989391 0.0988293 0.0987776 0.0987576 
0.943954 0.106884 0.104868 0.103627 0.102816 0.102262 0.101873 0.101592 0.101385 0.101231 
0.885493 0.101227 0.100396 0.0999051 0.0996084 0.0994255 0.0993106 0.0992376 0.0991905 0.0991597 
0.389578 0.109518 0.104466 0.101732 0.100219 0.09938 0.0989209 0.0986778 0.0985568 0.098504 
0.943949 0.106888 0.104871 0.10363 0.102818 0.102264 0.101875 0.101594 0.101387 0.101233 
0.192509 0.10021 0.0995955 0.0993119 0.0991844 0.0991335 0.0991202 0.0991248 0.0991373 0.0991521 
0.494583 0.0962772 0.0973024 0.0978335 0.0981364 0.0983201 0.0984374 0.0985156 0.0985695 0.0986075 
0.52144 0.115618 0.107573 0.103211 0.100792 0.099444 0.0986999 0.0982995 0.0980944 0.0979992 
0.791401 0.0985219 0.098451 0.0983357 0.0982455 0.0981875 0.0981555 0.0981416 0.0981385 0.0981417 
0.585501 0.107862 0.103561 0.101337 0.100142 0.0994906 0.099136 0.098946 0.0988482 0.0988019 
0.380361 0.101881 0.100916 0.100392 0.100093 0.0999167 0.0998092 0.0997423 0.0997 0.0996725 
0.682315 0.115483 0.10812 0.10409 0.101822 0.100532 0.0997982 0.0993851 0.0991573 0.0990366 
0.585614 0.11047 0.105269 0.102425 0.100829 0.0999254 0.0994166 0.0991347 0.0989832 0.0989065 
0.784073 0.105623 0.102639 0.101059 0.100188 0.0996982 0.0994199 0.0992619 0.0991729 0.0991239 
0.659947 0.0957766 0.0966883 0.0971806 0.0974647 0.0976392 0.0977521 0.097829 0.0978835 0.0979233 
0.883544 0.0981226 0.0989614 0.0993232 0.0994645 0.099503 0.099495 0.0994682 0.0994358 0.0994041 
0.980094 0.103249 0.101916 0.101086 0.100551 0.1002 0.0999645 0.0998051 0.0996955 0.0996191 
0.389785 0.109659 0.104608 0.101877 0.100369 0.099534 0.0990789 0.0988391 0.0987208 0.0986704 
0.380236 0.101903 0.100932 0.100405 0.100104 0.0999251 0.0998162 0.0997483 0.0997051 0.099677 
0.684725 0.106842 0.103194 0.10129 0.100256 0.0996844 0.0993677 0.0991938 0.0991006 0.099053 
0.785969 0.102391 0.100896 0.100079 0.0996181 0.099353 0.0991991 0.0991095 0.0990575 0.0990277 
0.567966 0.103599 0.102273 0.101503 0.101028 0.100722 0.100518 0.100377 0.100279 0.100208 
0.454503 0.117881 0.108812 0.103969 0.101308 0.0998345 0.0990246 0.0985901 0.0983673 0.0982638 
0.395084 0.0971524 0.0975267 0.0977405 0.0978844 0.0979896 0.0980702 0.0981336 0.0981839 0.0982239 
0.593195 0.083062 0.0903724 0.0942636 0.0963899 0.0975618 0.0982046 0.0985505 0.0987297 0.0988158 
0.293893 0.101593 0.0998302 0.0989671 0.0985459 0.098351 0.0982735 0.098256 0.0982676 0.098292 
0.784008 0.105771 0.102767 0.101173 0.100291 0.0997935 0.0995095 0.099347 0.0992545 0.0992029 
0.593605 0.0945259 0.096284 0.0971875 0.097688 0.0979781 0.0981528 0.0982612 0.0983303 0.0983755 
0.921722 0.10146 0.100211 0.0995003 0.0990827 0.0988345 0.098687 0.0985998 0.0985489 0.0985202 
0.492366 0.0992634 0.0988113 0.0985862 0.0984833 0.098445 0.0984398 0.0984507 0.0984686 0.0984881 
0.494435 0.0957676 0.096874 0.0974617 0.0978052 0.0980191 0.0981591 0.0982544 0.0983214 0.0983698 
0.885548 0.101138 0.100315 0.099829 0.0995359 0.0993556 0.0992428 0.0991712 0.0991252 0.0990954 
0.685102 0.106973 0.103303 0.101383 0.100337 0.0997564 0.0994327 0.0992531 0.0991556 0.0991046 
0.568101 0.103578 0.102256 0.101488 0.101016 0.100711 0.100508 0.100369 0.100271 0.1002 
0.392147 0.100498 0.0996104 0.0991205 0.0988501 0.0987052 0.0986327 0.0986013 0.0985925 0.0985958 
0.488796 0.105549 0.102491 0.100812 0.0998679 0.0993349 0.0990367 0.0988737 0.0987886 0.0987477 
0.395174 0.0971549 0.097547 0.0977736 0.0979267 0.0980389 0.0981249 0.0981923 0.0982458 0.0982883 
0.658116 0.102262 0.100352 0.0992757 0.0986695 0.0983333 0.0981536 0.098064 0.0980255 0.0980148 
0.684831 0.106821 0.10317 0.101265 0.100231 0.0996601 0.0993439 0.0991704 0.0990775 0.0990303 
0.380259 0.101901 0.10093 0.100403 0.100102 0.0999236 0.0998149 0.0997471 0.099704 0.0996761 
0.883473 0.098186 0.0990203 0.0993764 0.0995119 0.0995452 0.0995329 0.0995024 0.0994672 0.099433 
0.588168 0.101407 0.100371 0.0997691 0.0994115 0.0991985 0.0990725 0.098999 0.0989571 0.0989342 
0.596383 0.0875618 0.091853 0.0942684 0.0956702 0.0965029 0.0970061 0.0973144 0.0975064 0.0976276 
0.492479 0.0991462 0.0987229 0.0985183 0.0984301 0.0984028 0.0984059 0.0984233 0.0984459 0.0984692 
0.568166 0.103569 0.102248 0.101482 0.10101 0.100706 0.100504 0.100365 0.100267 0.100197 
0.192471 0.100215 0.099598 0.0993128 0.0991845 0.0991329 0.0991193 0.0991237 0.0991358 0.0991506 
0.486335 0.114741 0.107497 0.103557 0.10136 0.100124 0.0994325 0.0990528 0.0988513 0.0987514 
0.488797 0.105561 0.102502 0.100821 0.0998767 0.0993434 0.099045 0.0988821 0.098797 0.0987562 
0.589603 0.101386 0.100089 0.0994125 0.0990535 0.0988646 0.0987683 0.0987229 0.0987051 0.0987019 
0.380277 0.101899 0.100929 0.100402 0.100101 0.0999224 0.0998138 0.0997461 0.0997031 0.0996752 
0.56811 0.103581 0.102257 0.101489 0.101016 0.100712 0.100508 0.100369 0.100271 0.100201 
0.192448 0.100218 0.0995999 0.0993138 0.0991848 0.0991329 0.099119 0.0991231 0.0991351 0.0991497 
0.883248 0.0982614 0.09909 0.0994428 0.0995766 0.0996088 0.0995957 0.0995648 0.0995291 0.0994948 
0.585837 0.108342 0.10398 0.101715 0.100492 0.0998194 0.0994491 0.0992477 0.0991409 0.0990877 
0.943709 0.106959 0.104927 0.103675 0.102857 0.102299 0.101906 0.101622 0.101413 0.101258 
0.38955 0.109743 0.104658 0.1019 0.100369 0.0995157 0.0990454 0.0987935 0.0986655 0.0986072 
0.568015 0.103599 0.102272 0.101501 0.101026 0.10072 0.100516 0.100376 0.100277 0.100206 
0.38021 0.101912 0.100938 0.100409 0.100106 0.0999269 0.0998176 0.0997493 0.0997058 0.0996775 
0.594365 0.0944137 0.0958379 0.0966473 0.0971278 0.0974249 0.0976151 0.0977408 0.0978265 0.0978867 
0.393084 0.100425 0.0993164 0.098772 0.0985096 0.0983928 0.0983512 0.0983479 0.0983624 0.0983843 
0.855957 0.100035 0.0992925 0.0988966 0.0986745 0.0985491 0.0984789 0.098441 0.098422 0.0984138 
0.92166 0.101445 0.100199 0.0994925 0.0990784 0.0988334 0.0986885 0.0986034 0.0985545 0.0985272 
0.791836 0.0955096 0.0967372 0.097401 0.0977713 0.0979833 0.0981076 0.098182 0.0982276 0.0982563 
0.491418 0.0963222 0.0974529 0.0980338 0.0983433 0.0985123 0.0986064 0.0986597 0.0986906 0.0987085 
0.467988 0.0784644 0.0867312 0.0912759 0.0938605 0.0953622 0.0962462 0.0967712 0.0970851 0.0972736 
0.684753 0.106504 0.103291 0.101497 0.100465 0.0998637 0.0995125 0.0993083 0.0991907 0.0991244 
0.327337 0.105056 0.101467 0.0995461 0.0985113 0.0979634 0.097687 0.0975615 0.097518 0.0975174 
0.855304 0.103225 0.101143 0.0999373 0.0992312 0.0988173 0.0985769 0.0984396 0.0983634 0.0983232 
0.881017 0.107382 0.104033 0.102135 0.101025 0.100362 0.0999631 0.0997214 0.0995743 0.0994848 
0.196677 0.0994319 0.0985183 0.098111 0.0979491 0.0979075 0.0979231 0.0979637 0.0980123 0.0980605 
0.75585 0.105285 0.103604 0.102592 0.101944 0.101512 0.101213 0.101 0.100847 0.100733 
0.380212 0.101912 0.100938 0.100409 0.100106 0.0999268 0.0998174 0.0997492 0.0997058 0.0996775 
0.192405 0.100224 0.0996036 0.0993162 0.0991862 0.0991337 0.0991192 0.099123 0.0991347 0.0991491 
0.783885 0.102387 0.101191 0.100468 0.100016 0.0997292 0.0995452 0.0994259 0.099348 0.0992965 
0.49225 0.0992634 0.0988135 0.09859 0.0984884 0.0984512 0.0984467 0.0984584 0.0984768 0.0984967 
0.389672 0.109746 0.104665 0.101914 0.100392 0.0995464 0.0990833 0.0988375 0.0987147 0.0986606 
0.48853 0.106208 0.1027 0.100894 0.0999331 0.0994164 0.0991412 0.0989992 0.0989306 0.0989022 
0.328627 0.101614 0.0995478 0.0984154 0.0978091 0.0975005 0.0973597 0.0973113 0.0973116 0.0973357 
0.491264 0.0963744 0.0975046 0.0980877 0.0984001 0.098572 0.0986688 0.0987243 0.0987569 0.0987764 
0.684813 0.106559 0.103344 0.101545 0.10051 0.099905 0.0995507 0.0993438 0.0992238 0.0991557 
0.688793 0.100127 0.0995002 0.0991527 0.0989604 0.0988552 0.0987995 0.0987717 0.0987594 0.0987557 
0.9437 0.106971 0.104936 0.103683 0.102863 0.102304 0.10191 0.101626 0.101417 0.101261 
0.295388 0.0953725 0.0966602 0.0973642 0.0977704 0.098016 0.0981708 0.0982719 0.0983405 0.0983884 
0.192407 0.100224 0.0996033 0.0993159 0.099186 0.0991335 0.0991191 0.099123 0.0991348 0.0991492 
0.394263 0.103309 0.100704 0.0992396 0.0984281 0.0979916 0.0977703 0.0976713 0.0976394 0.0976426 
0.491469 0.0963066 0.0974437 0.0980302 0.0983441 0.0985168 0.0986138 0.0986695 0.0987021 0.0987216 
0.661385 0.0923885 0.0948268 0.0961089 0.096823 0.0972376 0.0974868 0.0976414 0.0977403 0.0978051 
0.19666 0.0994366 0.098522 0.098114 0.0979515 0.0979095 0.0979248 0.0979649 0.0980133 0.0980614 
0.380338 0.101892 0.100922 0.100396 0.100096 0.0999183 0.0998102 0.099743 0.0997003 0.0996728 
0.883437 0.0981328 0.0989787 0.0993457 0.0994909 0.0995322 0.0995265 0.0995013 0.0994703 0.0994395 
0.756146 0.105236 0.103564 0.102558 0.101915 0.101486 0.101189 0.100979 0.100827 0.100714 
0.944023 0.106913 0.104888 0.103642 0.102827 0.102272 0.101881 0.101599 0.101391 0.101237 
0.568223 0.103567 0.102245 0.101479 0.101007 0.100703 0.100501 0.100362 0.100265 0.100195 
0.327328 0.105073 0.101479 0.0995595 0.0985268 0.0979819 0.0977085 0.0975858 0.0975447 0.0975461 
0.192466 0.100215 0.0995975 0.099312 0.0991836 0.0991321 0.0991185 0.0991231 0.0991354 0.0991503 
0.859034 0.0932911 0.0955892 0.0967637 0.097394 0.097743 0.0979406 0.0980545 0.0981214 0.0981609 
0.380418 0.10188 0.100913 0.100388 0.10009 0.0999129 0.0998056 0.099739 0.0996968 0.0996695 
0.293988 0.101621 0.099847 0.0989773 0.0985512 0.098353 0.098273 0.0982537 0.0982641 0.0982873 
0.947362 0.106422 0.104829 0.103751 0.103 0.102463 0.102071 0.101782 0.101565 0.1014 
0.595935 0.08861 0.0932127 0.0957234 0.0971228 0.0979118 0.0983572 0.0986069 0.0987447 0.0988187 
0.684972 0.107076 0.103356 0.101401 0.10033 0.0997314 0.0993938 0.0992038 0.0990981 0.0990408 
0.192475 0.100214 0.0995962 0.0993108 0.0991825 0.0991311 0.0991176 0.0991222 0.0991345 0.0991494 
0.192478 0.100214 0.0995959 0.0993107 0.0991824 0.0991309 0.0991175 0.0991221 0.0991345 0.0991494 
0.690073 0.0880602 0.0932636 0.096017 0.0975117 0.0983295 0.0987742 0.0990105 0.099131 0.0991869 
0.690123 0.0881159 0.0933217 0.0960778 0.0975752 0.0983954 0.0988419 0.0990799 0.0992018 0.0992589 
0.756403 0.105196 0.103531 0.10253 0.101891 0.101465 0.10117 0.100962 0.100811 0.1007 
0.784054 0.1057 0.102674 0.101066 0.100176 0.0996715 0.0993826 0.0992167 0.0991217 0.099068 
0.389693 0.109795 0.104698 0.101931 0.100393 0.0995351 0.099061 0.0988062 0.0986759 0.0986158 
0.326023 0.10846 0.103339 0.100627 0.0991604 0.0983716 0.0979585 0.0977549 0.0976669 0.0976413 
0.919868 0.107799 0.103731 0.101457 0.100155 0.0994017 0.0989662 0.0987167 0.098576 0.0984994 
0.294021 0.101663 0.0998838 0.0990105 0.0985819 0.0983819 0.0983005 0.0982801 0.0982895 0.0983121 
0.691061 0.0965519 0.0975104 0.097993 0.0982593 0.0984151 0.0985108 0.0985722 0.0986129 0.0986409 
0.192524 0.100207 0.0995908 0.0993067 0.0991792 0.0991285 0.0991156 0.0991205 0.0991332 0.0991483 
0.380462 0.101876 0.100909 0.100385 0.100086 0.0999101 0.099803 0.0997366 0.0996946 0.0996675 
0.684885 0.10652 0.103302 0.101502 0.100464 0.0998586 0.0995034 0.0992958 0.0991754 0.0991069 
0.529599 0.0929079 0.0950262 0.0961307 0.0967528 0.0971244 0.0973578 0.0975111 0.0976157 0.0976893 
0.568461 0.103534 0.102218 0.101456 0.100988 0.100686 0.100486 0.100348 0.100252 0.100183 
0.568459 0.103534 0.102218 0.101456 0.100988 0.100687 0.100486 0.100349 0.100252 0.100183 
0.393283 0.100372 0.0992741 0.0987378 0.098482 0.0983702 0.0983329 0.0983327 0.0983498 0.0983737 
0.944391 0.106862 0.104846 0.103606 0.102796 0.102244 0.101856 0.101576 0.10137 0.101217 
0.784325 0.105593 0.102597 0.101012 0.100139 0.0996478 0.0993695 0.0992117 0.099123 0.0990745 
0.585707 0.108346 0.103953 0.101669 0.100433 0.0997529 0.0993769 0.0991711 0.0990614 0.0990059 
0.568288 0.103564 0.102242 0.101476 0.101004 0.100701 0.100498 0.10036 0.100262 0.100193 
0.786708 0.0931068 0.0961358 0.0976978 0.0985181 0.0989477 0.0991668 0.099272 0.0993164 0.0993286 
0.192504 0.10021 0.0995926 0.0993079 0.0991801 0.0991291 0.099116 0.0991209 0.0991334 0.0991485 
0.944233 0.106893 0.104871 0.103627 0.102814 0.10226 0.10187 0.101589 0.101382 0.101228 
0.488351 0.106047 0.102528 0.100718 0.0997536 0.0992352 0.0989591 0.0988165 0.0987475 0.0987189 
0.192475 0.100214 0.0995953 0.0993097 0.0991811 0.0991297 0.0991162 0.0991208 0.0991332 0.0991481 
0.192477 0.100214 0.0995951 0.0993095 0.099181 0.0991296 0.0991162 0.0991208 0.0991332 0.0991481 
0.19248 0.100213 0.0995949 0.0993092 0.0991808 0.0991295 0.0991161 0.0991208 0.0991332 0.0991481 
0.756221 0.105238 0.103564 0.102558 0.101914 0.101485 0.101188 0.100978 0.100826 0.100714 
0.588217 0.101396 0.100361 0.0997591 0.0994028 0.0991905 0.0990654 0.0989927 0.0989513 0.098929 
0.494481 0.0956637 0.0967996 0.0974065 0.0977634 0.0979869 0.098134 0.0982346 0.0983057 0.0983571 
0.568371 0.103552 0.102232 0.101467 0.100997 0.100694 0.100493 0.100355 0.100258 0.100188 
0.922199 0.101215 0.0999962 0.0993081 0.098908 0.0986735 0.0985367 0.098458 0.0984139 0.0983904 
0.193552 0.100216 0.0997206 0.0994567 0.0993197 0.0992527 0.0992242 0.0992162 0.0992187 0.099226 
0.947553 0.106391 0.104802 0.103728 0.102979 0.102444 0.102054 0.101766 0.10155 0.101386 
0.382021 0.101764 0.100994 0.100527 0.100237 0.100052 0.099933 0.0998547 0.0998024 0.0997668 
0.683076 0.111406 0.106296 0.103347 0.101618 0.100596 0.0999907 0.0996343 0.099426 0.0993058 
0.393237 0.100518 0.0997384 0.0992631 0.0989811 0.0988196 0.0987318 0.0986884 0.0986705 0.0986668 
0.759073 0.104845 0.10353 0.102658 0.102062 0.101644 0.101345 0.101126 0.100965 0.100844 
0.396401 0.0940916 0.0960746 0.0971501 0.0977551 0.0981057 0.0983138 0.0984401 0.0985185 0.0985683 
0.193561 0.100215 0.09972 0.0994565 0.0993198 0.0992532 0.0992248 0.099217 0.0992196 0.0992271 
0.882762 0.105885 0.103405 0.101896 0.100965 0.100383 0.100017 0.0997849 0.0996365 0.0995409 
0.689472 0.0986855 0.0990911 0.0992323 0.0992659 0.0992585 0.0992374 0.0992142 0.0991929 0.0991753 
0.686439 0.105038 0.102689 0.101285 0.100436 0.09992 0.0996055 0.0994142 0.0992981 0.0992282 
0.786165 0.102274 0.101238 0.100556 0.100108 0.0998138 0.0996203 0.0994925 0.0994077 0.099351 
0.196783 0.0996363 0.0989872 0.0986172 0.0984195 0.0983254 0.0982913 0.0982903 0.0983062 0.0983294 
0.193552 0.100216 0.0997207 0.0994568 0.0993201 0.0992533 0.0992249 0.099217 0.0992197 0.0992271 
0.193555 0.100216 0.0997205 0.0994567 0.0993199 0.0992532 0.0992248 0.0992169 0.0992196 0.099227 
0.382171 0.101743 0.100977 0.100513 0.100224 0.100042 0.099924 0.0998469 0.0997953 0.0997605 
0.759202 0.104828 0.103515 0.102645 0.10205 0.101634 0.101335 0.101117 0.100957 0.100836 
0.88285 0.105892 0.10341 0.101902 0.100971 0.100389 0.100023 0.099791 0.0996426 0.0995471 
0.496204 0.0914011 0.0947031 0.0965 0.0975033 0.0980731 0.0983994 0.0985867 0.0986942 0.0987553 
0.382111 0.101752 0.100984 0.100518 0.100229 0.100046 0.0999276 0.0998499 0.0997982 0.099763 
0.883066 0.105881 0.103405 0.1019 0.100971 0.10039 0.100024 0.0997926 0.0996444 0.0995488 
0.193584 0.100212 0.0997178 0.0994549 0.0993188 0.0992527 0.0992248 0.0992174 0.0992203 0.099228 
0.583694 0.114215 0.107794 0.104132 0.102012 0.100778 0.100061 0.0996487 0.0994155 0.0992874 
0.489839 0.104177 0.101947 0.100642 0.0998719 0.0994191 0.0991553 0.0990044 0.0989205 0.098876 
0.193513 0.100222 0.0997242 0.0994594 0.0993219 0.0992547 0.099226 0.0992179 0.0992203 0.0992276 
0.683183 0.11148 0.106355 0.103394 0.101656 0.100626 0.100015 0.099654 0.0994418 0.0993186 
0.885758 0.0995841 0.0998568 0.099889 0.0998352 0.0997574 0.0996801 0.0996122 0.0995556 0.0995097 
0.570506 0.103316 0.10227 0.101599 0.101154 0.100852 0.100642 0.100494 0.100386 0.100308 
0.496051 0.0914164 0.0947227 0.0965251 0.0975339 0.0981086 0.0984391 0.0986299 0.0987402 0.0988038 
0.193523 0.10022 0.0997233 0.0994588 0.0993215 0.0992545 0.0992259 0.0992179 0.0992204 0.0992278 
0.78599 0.102321 0.101277 0.100588 0.100135 0.0998368 0.0996403 0.0995102 0.0994236 0.0993655 
0.78596 0.102327 0.101283 0.100593 0.100139 0.0998406 0.0996436 0.0995132 0.0994263 0.099368 
0.382097 0.101756 0.100986 0.10052 0.100231 0.100047 0.0999284 0.0998507 0.0997988 0.0997637 
0.382141 0.101749 0.100981 0.100516 0.100227 0.100044 0.0999258 0.0998484 0.0997967 0.0997619 
0.382127 0.101751 0.100983 0.100517 0.100228 0.100045 0.0999267 0.0998492 0.0997975 0.0997625 
0.382108 0.101755 0.100986 0.100519 0.10023 0.100046 0.0999278 0.0998501 0.0997983 0.0997631 
0.759233 0.10483 0.103515 0.102645 0.10205 0.101632 0.101334 0.101116 0.100955 0.100835 
0.570603 0.103304 0.10226 0.10159 0.101147 0.100845 0.100636 0.100488 0.100381 0.100303 
0.947689 0.106388 0.104797 0.103722 0.102972 0.102437 0.102047 0.101759 0.101543 0.101379 
0.68664 0.105032 0.102685 0.101287 0.100444 0.0999345 0.0996259 0.0994398 0.0993281 0.0992617 
0.382102 0.101756 0.100987 0.10052 0.10023 0.100047 0.0999282 0.0998505 0.0997985 0.0997634 
0.947829 0.106364 0.104777 0.103704 0.102956 0.102423 0.102034 0.101746 0.101531 0.101368 
0.586562 0.107913 0.104228 0.102086 0.100824 0.100075 0.0996321 0.0993712 0.0992191 0.0991319 
0.947723 0.106382 0.104792 0.103717 0.102968 0.102433 0.102043 0.101755 0.101539 0.101376 
0.59289 0.0949874 0.096847 0.0978165 0.0983334 0.0986122 0.0987623 0.098842 0.0988831 0.0989032 
0.193538 0.100219 0.0997217 0.0994576 0.0993206 0.0992538 0.0992255 0.0992178 0.0992205 0.0992281 
0.683356 0.111496 0.106364 0.1034 0.101659 0.100629 0.100017 0.099656 0.0994437 0.0993206 
0.486653 0.110626 0.105615 0.102747 0.101083 0.100113 0.0995497 0.0992267 0.0990448 0.0989456 
0.570527 0.103318 0.102271 0.101599 0.101154 0.100852 0.100642 0.100493 0.100386 0.100307 
0.393179 0.100531 0.0997491 0.0992719 0.0989884 0.0988258 0.0987371 0.0986929 0.0986744 0.0986702 
0.982353 0.103228 0.102051 0.101255 0.100715 0.100348 0.100097 0.0999238 0.0998027 0.0997174 
0.589476 0.101453 0.100535 0.0999481 0.0995767 0.0993439 0.0991995 0.0991108 0.099057 0.0990251 
0.382005 0.101773 0.101 0.100531 0.100239 0.100054 0.0999342 0.0998555 0.099803 0.0997674 
0.193481 0.100226 0.0997266 0.0994605 0.0993223 0.0992546 0.0992256 0.0992173 0.0992195 0.0992267 
0.586606 0.1079 0.104216 0.10208 0.100827 0.100087 0.0996511 0.0993969 0.0992505 0.0991682 
0.589656 0.101411 0.100499 0.0999176 0.0995505 0.0993212 0.0991797 0.0990934 0.0990416 0.0990111 
0.759025 0.104875 0.103552 0.102676 0.102076 0.101656 0.101355 0.101135 0.100973 0.100852 
0.570492 0.103328 0.102279 0.101605 0.10116 0.100857 0.100646 0.100497 0.100389 0.100311 
0.193461 0.100228 0.0997284 0.0994617 0.0993231 0.0992552 0.0992259 0.0992174 0.0992195 0.0992266 
0.390183 0.10703 0.103478 0.101451 0.100286 0.0996173 0.099239 0.0990306 0.0989207 0.0988674 
0.19345 0.10023 0.0997292 0.0994623 0.0993233 0.099255 0.0992256 0.099217 0.099219 0.099226 
0.193503 0.100223 0.0997241 0.0994586 0.0993207 0.0992533 0.0992245 0.0992164 0.0992188 0.0992262 
0.196703 0.0996528 0.0989999 0.0986272 0.0984273 0.0983315 0.0982959 0.0982937 0.0983086 0.0983309 
0.193518 0.100221 0.0997228 0.0994576 0.0993201 0.0992529 0.0992243 0.0992164 0.0992189 0.0992264 
0.193531 0.10022 0.0997215 0.0994566 0.0993192 0.0992522 0.0992237 0.0992159 0.0992186 0.099226 
0.196681 0.0996564 0.0990012 0.098627 0.0984261 0.0983295 0.0982935 0.0982911 0.0983058 0.0983282 
0.947647 0.10642 0.104823 0.103744 0.102991 0.102454 0.102062 0.101773 0.101556 0.101391 
0.382138 0.101757 0.100986 0.100519 0.100229 0.100045 0.0999263 0.0998485 0.0997966 0.0997615 
0.759341 0.104834 0.103517 0.102645 0.10205 0.101632 0.101333 0.101116 0.100955 0.100834 
0.683163 0.111631 0.106472 0.103485 0.101726 0.10068 0.100056 0.0996852 0.0994652 0.0993358 
0.759219 0.104854 0.103534 0.10266 0.102062 0.101643 0.101343 0.101125 0.100963 0.100842 
0.57066 0.103308 0.102262 0.101591 0.101147 0.100845 0.100636 0.100487 0.100381 0.100302 
0.382109 0.101762 0.10099 0.100522 0.100231 0.100047 0.0999281 0.09985 0.099798 0.0997627 
0.496103 0.0912143 0.0945536 0.0963817 0.0974106 0.098001 0.0983438 0.0985443 0.0986622 0.0987317 
0.692719 0.0920288 0.0952464 0.0969765 0.0979273 0.0984553 0.0987486 0.0989096 0.0989963 0.0990412 
0.948172 0.106339 0.104754 0.103684 0.102938 0.102406 0.102018 0.101732 0.101518 0.101355 
0.496263 0.0911167 0.0944661 0.0963027 0.0973386 0.0979347 0.0982822 0.0984862 0.0986072 0.0986791 
0.570918 0.103269 0.102229 0.101563 0.101122 0.100824 0.100617 0.10047 0.100365 0.100287 
0.683218 0.111716 0.106546 0.103547 0.101777 0.100723 0.100092 0.0997146 0.0994895 0.0993561 
0.193557 0.100216 0.0997186 0.0994541 0.0993172 0.0992507 0.0992226 0.0992151 0.099218 0.0992258 
0.382188 0.101751 0.100981 0.100514 0.100225 0.100041 0.0999233 0.0998459 0.0997944 0.0997595 
0.948096 0.106353 0.104766 0.103693 0.102946 0.102413 0.102025 0.101738 0.101523 0.10136 
0.686256 0.105103 0.102727 0.101305 0.100444 0.099918 0.0995967 0.0994003 0.0992804 0.0992076 
0.583671 0.114407 0.107926 0.104225 0.102078 0.100824 0.100093 0.0996707 0.0994298 0.099296 
0.19358 0.100213 0.0997161 0.0994522 0.0993157 0.0992495 0.0992217 0.0992145 0.0992176 0.0992254 
0.193547 0.100218 0.0997192 0.0994543 0.0993171 0.0992504 0.0992222 0.0992146 0.0992175 0.0992251 
0.570808 0.10329 0.102246 0.101577 0.101135 0.100834 0.100626 0.100478 0.100372 0.100295 
0.382005 0.101782 0.101005 0.100534 0.100241 0.100055 0.0999346 0.0998555 0.0998027 0.0997669 
0.570666 0.103318 0.102269 0.101596 0.101151 0.100849 0.100639 0.10049 0.100383 0.100304 
0.382237 0.101748 0.100978 0.100511 0.100222 0.100039 0.0999206 0.0998433 0.0997917 0.099757 
0.193578 0.100214 0.0997154 0.0994507 0.0993138 0.0992472 0.0992192 0.0992116 0.0992146 0.0992224 
0.570909 0.103282 0.102239 0.101571 0.101129 0.100829 0.100621 0.100474 0.100368 0.100291 
0.570906 0.103282 0.102239 0.101571 0.101129 0.100829 0.100622 0.100474 0.100369 0.100291 
0.38228 0.101742 0.100973 0.100507 0.100218 0.100036 0.099918 0.0998411 0.0997898 0.0997552 
0.496297 0.0911945 0.0945502 0.0963858 0.0974177 0.098009 0.0983516 0.0985515 0.0986686 0.0987374 
0.948514 0.106307 0.104727 0.103659 0.102917 0.102387 0.102001 0.101716 0.101503 0.101341 
0.390216 0.10706 0.103484 0.101438 0.100257 0.099576 0.0991879 0.0989717 0.0988556 0.0987973 
0.193584 0.100213 0.0997147 0.09945 0.0993132 0.0992467 0.0992187 0.0992113 0.0992143 0.0992222 
0.586918 0.107993 0.104293 0.102148 0.100889 0.100146 0.0997087 0.0994533 0.0993062 0.0992234 
0.759564 0.104822 0.103506 0.102635 0.10204 0.101623 0.101325 0.101108 0.100947 0.100827 
0.75955 0.104824 0.103508 0.102636 0.102041 0.101624 0.101326 0.101109 0.100948 0.100828 
0.948386 0.106332 0.104747 0.103677 0.102932 0.1024 0.102013 0.101727 0.101513 0.101351 
0.19359 0.100212 0.0997141 0.0994497 0.0993131 0.0992468 0.099219 0.0992117 0.0992148 0.0992227 
0.193592 0.100212 0.0997139 0.0994496 0.0993129 0.0992467 0.0992189 0.0992116 0.0992148 0.0992227 
0.192302 0.100275 0.100005 0.0997996 0.0996569 0.099563 0.0995039 0.0994681 0.0994474 0.0994361 
0.192286 0.100277 0.100007 0.0998007 0.0996576 0.0995636 0.0995043 0.0994683 0.0994475 0.0994361 
0.755396 0.103948 0.103336 0.102782 0.102321 0.101953 0.101663 0.101437 0.101261 0.101125 
0.94332 0.105142 0.10442 0.103751 0.103187 0.102729 0.102364 0.102076 0.10185 0.101672 
0.567871 0.102701 0.102205 0.101769 0.101416 0.101141 0.100929 0.100768 0.100645 0.10055 
0.567868 0.102701 0.102206 0.10177 0.101417 0.101141 0.100929 0.100768 0.100645 0.100551 
0.192365 0.100269 0.0999992 0.0997946 0.0996526 0.0995594 0.0995009 0.0994655 0.0994452 0.0994342 
0.192421 0.100263 0.0999943 0.0997905 0.0996492 0.0995565 0.0994986 0.0994637 0.0994437 0.099433 
0.567966 0.102694 0.102199 0.101764 0.101411 0.101136 0.100925 0.100764 0.100641 0.100547 
0.380114 0.101489 0.101105 0.100784 0.100536 0.100352 0.100216 0.100118 0.100046 0.0999931 
0.192352 0.100271 0.1 0.0997953 0.0996529 0.0995594 0.0995005 0.099465 0.0994445 0.0994334 
0.380101 0.101491 0.101108 0.100786 0.100538 0.100353 0.100218 0.100119 0.100047 0.099994 
0.192299 0.100277 0.100006 0.099799 0.0996556 0.0995613 0.0995019 0.0994657 0.0994448 0.0994334 
0.380066 0.101497 0.101113 0.100791 0.100542 0.100356 0.10022 0.100121 0.100049 0.099996 
0.380068 0.101497 0.101112 0.10079 0.100542 0.100356 0.10022 0.100121 0.100049 0.099996 
0.943282 0.105171 0.104446 0.103775 0.103209 0.102749 0.102383 0.102094 0.101867 0.101689 
0.380049 0.101499 0.101115 0.100792 0.100543 0.100358 0.100222 0.100122 0.10005 0.0999969 
0.755552 0.103945 0.103334 0.102779 0.102319 0.101951 0.101661 0.101435 0.10126 0.101123 
0.567789 0.102724 0.102226 0.101787 0.101432 0.101155 0.100942 0.10078 0.100656 0.100561 
0.192308 0.100276 0.100005 0.0997983 0.099655 0.0995608 0.0995014 0.0994655 0.0994447 0.0994333 
0.755591 0.103942 0.103331 0.102777 0.102316 0.101948 0.101659 0.101433 0.101258 0.101122 
0.380018 0.101505 0.101119 0.100797 0.100547 0.100361 0.100224 0.100125 0.100052 0.0999987 
0.567821 0.102722 0.102224 0.101785 0.10143 0.101153 0.100941 0.100778 0.100654 0.100559 
0.567818 0.102722 0.102224 0.101786 0.101431 0.101154 0.100941 0.100778 0.100654 0.10056 
0.567766 0.102731 0.102232 0.101793 0.101437 0.10116 0.100946 0.100783 0.100659 0.100564 
0.943486 0.105152 0.104428 0.103759 0.103194 0.102735 0.10237 0.102081 0.101855 0.101677 
0.38014 0.10149 0.101106 0.100785 0.100537 0.100352 0.100216 0.100117 0.100045 0.0999924 
0.192351 0.100271 0.100001 0.0997951 0.0996524 0.0995587 0.0994998 0.0994642 0.0994437 0.0994326 
0.755845 0.103913 0.103305 0.102753 0.102295 0.101928 0.10164 0.101416 0.101242 0.101106 
0.567934 0.10271 0.102213 0.101776 0.101422 0.101145 0.100933 0.100771 0.100648 0.100553 
0.192308 0.100276 0.100005 0.0997983 0.0996548 0.0995606 0.0995012 0.0994653 0.0994445 0.0994331 
0.755567 0.103953 0.103341 0.102785 0.102324 0.101955 0.101665 0.101439 0.101263 0.101126 
0.755562 0.103954 0.103342 0.102786 0.102325 0.101956 0.101666 0.101439 0.101263 0.101127 
0.943312 0.105181 0.104455 0.103783 0.103216 0.102755 0.102388 0.102098 0.101871 0.101692 
0.943485 0.105157 0.104433 0.103764 0.103198 0.102738 0.102373 0.102084 0.101857 0.101679 
0.755685 0.103938 0.103327 0.102773 0.102312 0.101944 0.101655 0.101429 0.101254 0.101118 
0.567878 0.102719 0.102221 0.101783 0.101428 0.101151 0.100938 0.100776 0.100652 0.100557 
0.380086 0.101498 0.101113 0.100791 0.100542 0.100356 0.10022 0.100121 0.100048 0.0999954 
0.38008 0.101499 0.101114 0.100792 0.100542 0.100357 0.10022 0.100121 0.100049 0.0999958 
0.567915 0.102715 0.102217 0.101779 0.101424 0.101148 0.100935 0.100773 0.100649 0.100554 
0.567913 0.102715 0.102217 0.101779 0.101425 0.101148 0.100935 0.100773 0.100649 0.100555 
0.380171 0.101488 0.101104 0.100783 0.100534 0.100349 0.100214 0.100115 0.100044 0.0999909 
0.943684 0.105133 0.104411 0.103743 0.103178 0.10272 0.102356 0.102068 0.101842 0.101665 
0.567992 0.102705 0.102208 0.101771 0.101417 0.101141 0.100929 0.100767 0.100644 0.10055 
0.568025 0.102701 0.102204 0.101767 0.101414 0.101138 0.100926 0.100765 0.100641 0.100547 
0.380178 0.101488 0.101104 0.100782 0.100534 0.100349 0.100214 0.100115 0.100043 0.0999907 
0.568109 0.102691 0.102195 0.101759 0.101406 0.101131 0.10092 0.100759 0.100636 0.100542 
0.380257 0.101478 0.101095 0.100775 0.100527 0.100343 0.100208 0.10011 0.100039 0.0999865 
0.192381 0.100268 0.099998 0.0997927 0.0996503 0.099557 0.0994985 0.0994633 0.0994431 0.0994324 
0.568146 0.102687 0.102191 0.101756 0.101403 0.101128 0.100917 0.100756 0.100634 0.10054 
0.75609 0.103886 0.103279 0.102729 0.102272 0.101907 0.10162 0.101397 0.101223 0.101088 
0.756279 0.103859 0.103254 0.102706 0.102251 0.101888 0.101603 0.10138 0.101208 0.101074 
0.380458 0.101452 0.101072 0.100754 0.100509 0.100327 0.100194 0.100097 0.100027 0.0999758 
0.944394 0.105035 0.10432 0.103659 0.103102 0.102649 0.102289 0.102005 0.101783 0.101608 
0.380444 0.101453 0.101073 0.100755 0.10051 0.100328 0.100195 0.100098 0.100028 0.0999767 
0.192478 0.100258 0.0999891 0.0997857 0.0996449 0.0995531 0.0994957 0.0994615 0.099442 0.0994319 
0.380408 0.101458 0.101077 0.100759 0.100513 0.100331 0.100197 0.1001 0.10003 0.0999784 
0.94447 0.105025 0.104311 0.103651 0.103094 0.102642 0.102282 0.101999 0.101776 0.101602 
0.756444 0.103836 0.103234 0.102687 0.102234 0.101872 0.101588 0.101366 0.101195 0.101061 
0.192465 0.100259 0.0999903 0.0997866 0.0996456 0.0995535 0.0994961 0.0994617 0.0994422 0.099432 
0.944256 0.105058 0.104341 0.103678 0.103119 0.102665 0.102304 0.102019 0.101795 0.10162 
0.568307 0.102665 0.102172 0.101738 0.101387 0.101113 0.100903 0.100743 0.100621 0.100528 
0.568028 0.102707 0.10221 0.101772 0.101417 0.101141 0.100929 0.100767 0.100643 0.100549 
0.568025 0.102707 0.10221 0.101772 0.101418 0.101141 0.100929 0.100767 0.100644 0.100549 
0.192317 0.100276 0.100004 0.0997973 0.0996539 0.0995598 0.0995007 0.099465 0.0994444 0.0994333 
0.192341 0.100273 0.100001 0.0997953 0.0996523 0.0995584 0.0994996 0.0994641 0.0994436 0.0994326 
0.568097 0.102699 0.102202 0.101765 0.101412 0.101136 0.100924 0.100762 0.100639 0.100545 
0.943858 0.105126 0.104404 0.103736 0.103171 0.102713 0.102349 0.102061 0.101835 0.101658 
0.192353 0.100272 0.1 0.0997945 0.0996516 0.099558 0.0994992 0.0994638 0.0994435 0.0994326 
0.19242 0.100264 0.0999944 0.0997896 0.0996478 0.0995551 0.0994971 0.0994623 0.0994425 0.099432 
