47 163 3.65517
47 66 2.73206
47 287 4.76991
47 267 2.4954
47 303 3.89098
47 402 2.49731
47 421 2.77261
47 268 1.80025
47 339 2.85073
47 385 3.2663
47 39 2.91915
47 54 4.70308
47 248 2.70204
47 118 3.05723
47 294 4.10043
47 207 3.23662
47 157 3.68946
47 239 2.25248
47 334 3.89869
47 220 4.52338
47 1 3.96666
47 143 2.42299
47 244 2.26305
47 419 4.38761
47 318 1.76992
47 346 2.56867
47 335 2.59941
47 189 2.43293
47 452 4.28726
47 277 2.99645
47 447 3.79025
47 204 2.64593
47 345 2.85567
47 411 4.97493
47 319 2.99215
47 249 3.19844
47 171 1.9033
47 200 2.43213
47 18 3.54388
47 486 2.08207
47 448 2.70728
47 129 2.56654
47 121 2.42316
47 33 2.84875
47 265 4.03834
47 147 3.73531
47 172 4.0738
47 327 3.69494
47 464 3.27151
47 184 3.83013
47 259 3.89159
47 480 2.04469
47 230 3.72996
47 266 4.21431
47 228 3.78575
47 364 3.41341
47 340 4.31624
47 44 2.82433
47 250 3.86349
47 403 2.50069
47 74 4.4565
47 465 3.38673
47 164 2.01479
47 406 2.05516
47 444 3.02487
47 475 3.12668
47 438 1.48596
47 94 3.76209
47 258 2.11354
47 199 4.24223
47 213 3.01937
47 29 3.38069
47 466 3.18768
47 206 3.12228
47 456 4.10673
47 161 2.67147
47 108 2.47132
47 368 4.04494
47 490 2.63463
47 396 3.77042
47 67 2.32065
47 151 3.69526
47 148 3.30175
47 141 3.27319
47 488 2.80456
47 347 2.01678
47 117 3.76521
47 260 3.65647
47 301 3.32892
47 282 4.04152
47 131 3.83102
47 400 3.33481
47 128 3.08093
47 59 1.20982
47 106 4.00085
47 32 2.15266
47 469 4.21578
47 295 4.4232
47 102 4.24287
47 75 3.48414
47 19 3.54396
47 238 3.5237
47 454 2.88475
47 84 3.69537
47 173 3.90539
47 369 3.55735
47 34 3.16009
47 181 2.6491
47 370 2.42656
47 10 2.19106
47 175 3.41754
47 174 1.5186
47 180 1.72786
47 12 3.20875
47 16 3.89835
47 132 3.83877
47 407 1.51847
47 214 4.5337
47 387 3.12715
47 115 2.66837
47 437 3.52277
47 487 3.90696
47 328 1.98319
47 391 4.60123
47 95 3.83992
47 103 1.62449
47 361 3.96564
47 122 3.11773
47 388 4.69913
47 342 4.01499
47 212 3.10413
47 208 3.92639
47 445 2.32444
47 123 2.14941
47 85 2.75576
47 191 2.9242
47 286 2.7337
47 82 3.14487
47 350 2.94922
47 477 2.64029
47 107 1.7337
47 397 4.17517
47 355 3.9066
47 52 2.92236
47 92 3.0728
47 209 2.60002
47 336 3.89168
47 242 3.53544
47 130 4.0149
47 269 3.13131
47 322 2.01621
47 195 3.86633
47 76 3.29978
47 443 2.70039
47 35 2.31863
47 169 4.29046
47 371 3.76515
47 372 3.94015
47 298 3.7405
47 124 4.00728
47 210 3.59035
47 236 1.55799
47 379 4.04992
47 356 4.69996
47 470 3.1335
47 192 2.33229
47 422 3.9667
47 463 3.09168
47 316 1.4912
47 68 2.24119
47 53 3.51602
47 215 2.87498
47 432 3.63352
47 357 3.13234
47 27 3.86695
47 186 3.07517
47 280 2.18238
47 270 4.38401
47 360 2.04156
47 221 3.39218
47 2 2.94274
47 283 2.01675
47 329 4.52473
47 45 2.03338
47 362 2.70042
47 216 2.75171
47 358 2.39205
47 138 2.10909
47 28 2.46742
47 430 4.84465
47 234 1.14141
47 133 2.86843
47 237 3.4432
47 245 2.00076
47 386 4.01085
47 70 2.74305
47 420 2.61819
47 36 2.4002
47 323 2.61851
47 69 3.30962
47 119 1.72508
47 179 4.03488
47 196 2.14298
47 46 2.97605
47 395 3.26804
47 159 3.93525
47 176 2.22572
47 152 3.72722
47 116 2.25868
47 479 4.60266
47 197 3.50982
47 382 3.51799
47 113 3.8105
47 83 2.66741
47 9 1.73334
47 439 2.93522
47 381 3.58543
47 91 2.76888
47 330 2.93587
47 168 4.14419
47 440 3.99462
47 317 3.76027
47 47 3.13418
47 251 2.75857
47 292 4.00213
47 77 3.93526
47 246 2.69202
47 261 2.25886
47 126 3.58547
47 3 4.49466
47 284 2.89398
47 383 2.74413
47 86 2.54187
47 401 2.60969
47 489 4.04396
47 225 2.7262
47 4 2.35886
47 426 4.18539
47 217 2.44275
47 55 2.8608
47 142 2.74429
47 187 2.68452
47 423 2.66836
47 235 3.31031
47 104 4.60236
47 427 3.2341
47 134 1.74265
47 145 4.28489
47 56 1.6666
47 23 2.73358
47 241 4.97818
47 455 2.18387
47 453 3.43448
47 271 3.90215
47 87 3.20148
47 135 2.72642
47 62 1.87562
47 252 3.06886
47 471 3.13572
47 314 2.51703
47 211 2.65213
47 160 3.24333
47 384 3.51041
47 412 2.65986
47 136 2.73396
47 185 3.41823
47 153 1.14167
47 243 2.10903
47 57 2.32615
47 158 2.30113
47 344 2.91002
47 48 2.50165
47 311 2.67596
47 413 2.42645
47 290 2.66026
47 324 1.45059
47 348 3.12707
47 472 1.9426
47 61 2.67685
47 223 2.85236
47 291 3.66013
47 272 2.9601
47 281 2.47614
47 11 3.84445
47 449 2.9196
47 42 2.661
47 435 3.06072
47 222 2.50936
47 312 2.70342
47 392 3.02595
47 247 3.92876
47 433 4.42893
47 275 2.32012
47 310 2.15183
47 201 3.23539
47 476 2.59553
47 24 2.32605
47 105 2.32803
47 137 4.42726
47 58 4.46323
47 331 3.07908
47 398 3.00029
47 473 2.28545
47 288 1.94281
47 5 3.12803
47 359 3.86967
47 202 3.75324
47 205 3.28428
47 373 4.10378
47 414 1.55997
47 125 3.14453
47 365 4.03804
47 461 2.8789
47 253 3.05443
47 297 2.85355
47 149 3.77101
47 305 3.0141
47 278 2.42774
47 304 3.12868
47 43 2.73047
47 71 2.57092
47 450 3.52773
47 341 1.91023
47 302 2.39437
47 351 3.28547
47 315 2.59599
47 254 2.46239
47 194 2.6041
47 6 3.62977
47 226 3.66996
47 293 2.58489
47 188 4.9145
47 156 4.91449
47 193 1.74247
47 40 3.90401
47 485 1.94379
47 352 3.36142
47 31 3.37914
47 96 2.07846
47 478 2.90461
47 64 2.82786
47 170 3.28715
47 409 1.60065
47 101 3.14548
47 150 4.1149
47 177 1.73594
47 273 4.29918
47 20 2.50361
47 154 4.23261
47 428 3.62704
47 262 2.01856
47 49 3.0362
47 146 2.57079
47 431 1.14158
47 481 2.17593
47 14 3.41921
47 484 2.71022
47 374 4.23252
47 375 4.01334
47 441 2.66909
47 198 3.60601
47 467 3.94807
47 299 2.51161
47 457 4.05804
47 337 3.69721
47 306 3.45589
47 399 3.60337
47 366 3.72997
47 110 2.29401
47 279 2.90221
47 276 2.50329
47 166 4.64099
47 296 2.69334
47 88 2.98764
47 8 2.81971
47 274 2.43743
47 394 2.86101
47 390 2.3357
47 309 4.5207
47 37 2.42422
47 120 2.77876
47 468 3.47879
47 114 4.73724
47 7 4.07906
47 354 2.93533
47 353 2.22839
47 15 1.76732
47 79 3.26255
47 263 2.88309
47 165 4.63888
47 127 4.31952
47 338 3.28553
47 404 2.28595
47 190 3.18577
47 155 3.04328
47 99 4.12201
47 325 3.70643
47 405 2.77885
47 300 3.79492
47 38 2.59996
47 483 3.6867
47 442 3.54426
47 376 4.12004
47 231 2.41763
47 389 3.96948
47 380 3.48627
47 482 3.51868
47 203 3.20438
47 80 2.95098
47 415 3.36025
47 218 3.2618
47 255 2.20832
47 98 2.74276
47 367 2.32751
47 51 2.95334
47 307 2.7435
47 256 3.88092
47 308 2.10967
47 78 2.29508
47 313 3.73509
47 343 3.56273
47 285 2.05117
47 50 2.82678
47 109 2.75144
47 410 4.01131
47 458 2.43592
47 332 3.53851
47 65 4.25416
47 474 4.04788
47 408 3.88169
47 333 2.8542
47 144 1.38298
47 60 3.63119
47 320 1.79746
47 232 3.35477
47 72 2.75234
47 416 2.04266
47 139 1.14088
47 167 3.10527
47 429 3.29418
47 289 2.44553
47 162 2.40027
47 25 2.97921
47 22 2.5439
47 227 3.57733
47 63 2.49084
47 26 2.05141
47 81 2.07573
47 446 4.22166
47 240 3.15095
47 97 2.26044
47 219 4.29983
47 17 3.16817
47 377 2.45417
47 229 4.33216
47 30 2.21582
47 21 2.86112
47 13 3.97133
47 178 3.30261
47 491 2.17373
47 460 3.0277
47 378 4.31178
47 363 2.86346
47 111 4.67253
47 424 4.36522
47 417 3.54171
47 183 2.54427
47 100 2.95028
47 393 3.11472
47 264 3.60965
47 349 4.22271
47 89 2.92967
47 112 2.83267
47 73 3.7537
47 451 2.87294
47 459 3.91556
47 90 4.12409
47 425 1.80009
47 321 2.4792
47 41 3.37787
47 418 2.49248
47 434 2.25182
47 140 3.65224
47 93 2.89805
47 436 3.51239
47 257 2.21588
47 224 2.26949
47 326 2.73241
47 233 3.66323
47 462 3.55329
47 182 1.5257
46 163 4.04765
46 66 3.26811
46 287 4.28703
46 267 2.83675
46 303 3.42956
46 402 1.61128
46 421 3.61233
46 268 1.31227
46 339 3.25139
46 385 3.11273
46 39 3.48965
46 54 4.05027
46 248 2.32528
46 118 2.65739
46 294 3.88493
46 207 2.16861
46 157 3.68264
46 239 1.86278
46 334 4.13818
46 220 4.4547
46 1 4.37597
46 143 2.94009
46 244 2.14645
46 419 3.97927
46 318 2.64692
46 346 2.81656
46 335 3.76054
46 189 2.34121
46 452 4.10634
46 277 3.04539
46 447 3.55589
46 204 2.37192
46 345 2.82796
46 411 5
46 319 3.38691
46 249 2.79199
46 171 2.15548
46 200 2.33948
46 18 3.80642
46 486 1.6675
46 448 2.06711
46 129 1.84958
46 121 2.94038
46 33 2.20213
46 265 3.38959
46 147 3.68708
46 172 3.99248
46 327 3.34237
46 464 2.77213
46 184 2.93477
46 259 3.42938
46 480 2.37341
46 230 3.94498
46 266 4.12692
46 228 3.89715
46 364 2.99035
46 340 4.08366
46 44 3.27736
46 250 3.45296
46 403 2.57821
46 74 4.21791
46 465 3.01539
46 164 1.43009
46 406 1.69205
46 444 3.02231
46 475 2.97911
46 438 2.2105
46 94 2.61385
46 258 3.57818
46 199 4.10299
46 213 3.36192
46 29 3.27238
46 466 3.47328
46 206 4.20373
46 456 3.54453
46 161 3.65765
46 108 1.63539
46 368 3.04923
46 490 2.08684
46 396 3.32402
46 67 3.06667
46 151 2.37495
46 148 3.71612
46 141 2.7729
46 488 3.2483
46 347 2.39779
46 117 3.66509
46 260 2.99828
46 301 3.69184
46 282 4.27512
46 131 2.93462
46 400 3.35111
46 128 3.94019
46 59 1.51841
46 106 4.01295
46 32 2.9573
46 469 4.12804
46 295 3.61583
46 102 4.10365
46 75 4.19724
46 19 3.80716
46 238 3.57513
46 454 2.88869
46 84 2.37424
46 173 2.83194
46 369 3.2103
46 34 3.49801
46 181 2.4576
46 370 2.59854
46 10 2.16752
46 175 3.96066
46 174 1.84614
46 180 2.30246
46 12 3.50486
46 16 3.17003
46 132 2.59472
46 407 1.84635
46 214 4.20088
46 387 2.9794
46 115 2.68916
46 437 2.52361
46 487 2.83291
46 328 1.79581
46 391 4.43871
46 95 2.5944
46 103 2.42889
46 361 4.37738
46 122 4.20255
46 388 4.30784
46 342 3.41598
46 212 2.5798
46 208 4.11417
46 445 2.72552
46 123 1.90357
46 85 1.98888
46 191 3.1507
46 286 2.9244
46 82 4.177
46 350 3.0409
46 477 2.71342
46 107 2.04473
46 397 3.86443
46 355 2.83107
46 52 3.06709
46 92 3.0293
46 209 3.41942
46 336 3.42751
46 242 4.1457
46 130 3.41546
46 269 3.52351
46 322 1.42877
46 195 3.53687
46 76 3.71566
46 443 3.29118
46 35 2.09632
46 169 4.10915
46 371 2.61259
46 372 3.43477
46 298 3.69284
46 124 4.64328
46 210 2.76069
46 236 2.19242
46 379 3.05032
46 356 4.30832
46 470 3.60772
46 192 2.38699
46 422 3.40812
46 463 2.28931
46 316 1.95498
46 68 3.08386
46 53 3.83304
46 215 3.14276
46 432 2.1381
46 357 3.52523
46 27 3.53719
46 186 3.03169
46 280 2.50752
46 270 4.32046
46 360 2.37152
46 221 2.04884
46 2 3.4635
46 283 1.42863
46 329 4.45631
46 45 2.62891
46 362 2.31926
46 216 3.30339
46 358 1.9925
46 138 2.60994
46 28 1.9733
46 430 4.52916
46 234 1.28125
46 133 3.48248
46 237 2.88294
46 245 2.99604
46 386 3.75806
46 70 2.67067
46 420 2.82456
46 36 2.62417
46 323 2.82491
46 69 3.37737
46 119 2.30245
46 179 3.64824
46 196 3.21507
46 46 3.0173
46 395 3.11423
46 159 3.77667
46 176 1.88637
46 152 4.29008
46 116 2.4062
46 479 4.43932
46 197 3.20443
46 382 2.86317
46 113 2.9617
46 83 2.68931
46 9 1.96234
46 439 3.72406
46 381 4.07178
46 91 3.61488
46 330 3.72502
46 168 4.23303
46 440 4.35544
46 317 3.92404
46 47 2.55561
46 251 1.98908
46 292 4.01445
46 77 3.77662
46 246 1.75144
46 261 1.52038
46 126 4.07179
46 3 4.82461
46 284 3.519
46 383 3.64123
46 86 1.87318
46 401 3.16595
46 489 3.39166
46 225 2.35577
46 4 2.36139
46 426 3.52643
46 217 2.00223
46 55 2.91573
46 142 3.64167
46 187 2.09238
46 423 3.66025
46 235 3.37813
46 104 4.43942
46 427 2.50964
46 134 1.70627
46 145 3.39736
46 56 1.72464
46 23 2.92666
46 241 5
46 455 2.50918
46 453 3.22324
46 271 3.17275
46 87 2.79307
46 135 2.35853
46 62 2.1815
46 252 3.37187
46 471 3.52645
46 314 2.81093
46 211 2.3759
46 160 2.16976
46 384 4.17511
46 412 4.00128
46 136 3.01062
46 185 2.0212
46 153 1.28181
46 243 1.64135
46 57 1.75748
46 158 1.78345
46 344 3.75106
46 48 1.6096
46 311 3.40346
46 413 2.68345
46 290 4.00254
46 324 1.60966
46 348 3.86758
46 472 2.5036
46 61 3.40461
46 223 3.25695
46 291 2.99798
46 272 1.81467
46 281 1.63475
46 11 2.59327
46 449 2.52338
46 42 3.03182
46 435 2.65807
46 222 2.23959
46 312 2.32186
46 392 3.99628
46 247 4.11905
46 433 3.61651
46 275 2.09954
46 310 1.90568
46 201 3.48165
46 476 2.79473
46 24 2.729
46 105 1.75824
46 137 4.58758
46 58 4.22332
46 331 3.94666
46 398 3.0496
46 473 2.38194
46 288 2.50461
46 5 2.89643
46 359 3.53951
46 202 4.26718
46 205 3.48804
46 373 3.88679
46 414 1.22226
46 125 2.29791
46 365 4.62424
46 461 3.14784
46 253 2.99857
46 297 3.25853
46 149 3.67083
46 305 3.7086
46 278 2.60104
46 304 2.89619
46 43 3.27058
46 71 1.84577
46 450 2.52253
46 341 2.87476
46 302 2.96974
46 351 2.43307
46 315 3.76916
46 254 2.23333
46 194 2.45256
46 6 2.47616
46 226 2.74152
46 293 2.13813
46 188 4.7702
46 156 4.77018
46 193 1.70736
46 40 4.14737
46 485 2.50665
46 352 2.41431
46 31 3.70382
46 96 2.0083
46 478 4.09703
46 64 3.28737
46 170 3.49376
46 409 1.48791
46 101 2.29796
46 150 3.63101
46 177 2.0498
46 273 3.14113
46 20 2.58288
46 154 3.87938
46 428 3.36642
46 262 2.40432
46 49 2.68512
46 146 1.84503
46 431 1.28196
46 481 3.82906
46 14 2.90911
46 484 2.95574
46 374 3.87929
46 375 4.65412
46 441 2.68933
46 198 3.48199
46 467 2.46228
46 299 2.24179
46 457 3.05242
46 337 3.69144
46 306 2.62593
46 399 4.39059
46 366 4.29898
46 110 3.10168
46 279 4.09639
46 276 2.58268
46 166 4.07494
46 296 3.63829
46 88 3.73807
46 8 2.56826
46 274 2.34483
46 394 2.835
46 390 2.39108
46 309 4.80176
46 37 3.57405
46 120 2.30412
46 468 3.57333
46 114 4.91716
46 7 2.93721
46 354 3.72868
46 353 2.86438
46 15 2.65585
46 79 3.45841
46 263 3.77951
46 165 4.07305
46 127 4.00072
46 338 2.42939
46 404 2.46726
46 190 3.47601
46 155 2.33951
46 99 3.28745
46 325 3.3505
46 405 2.3042
46 300 3.55805
46 38 3.42594
46 483 4.03098
46 442 3.81091
46 376 4.26157
46 231 2.94289
46 389 4.38424
46 380 3.23015
46 482 3.83658
46 203 2.87693
46 80 3.04317
46 415 4.30243
46 218 3.45806
46 255 3.46062
46 98 2.5855
46 367 1.75586
46 51 3.13035
46 307 3.64745
46 256 2.22158
46 308 2.61607
46 78 3.10389
46 313 3.95188
46 343 3.21207
46 285 2.03445
46 50 2.22389
46 109 3.30467
46 410 4.64999
46 458 2.34405
46 332 3.23929
46 65 3.76287
46 474 3.39145
46 408 3.19948
46 333 3.26168
46 144 1.37084
46 60 2.47507
46 320 2.2005
46 232 3.73166
46 72 3.30598
46 416 3.35482
46 139 1.28166
46 167 3.00873
46 429 4.06529
46 289 2.00248
46 162 2.62663
46 25 2.10246
46 22 1.87002
46 227 3.44161
46 63 2.83778
46 26 2.03473
46 81 2.98539
46 446 4.13288
46 240 3.84475
46 97 2.49362
46 219 4.11711
46 17 3.1592
46 377 1.65928
46 229 3.74584
46 30 2.14086
46 21 2.83273
46 13 4.3868
46 178 3.72273
46 491 1.87509
46 460 2.04762
46 378 4.34373
46 363 2.92036
46 111 4.68069
46 424 3.37592
46 417 3.24205
46 183 1.87011
46 100 3.04293
46 393 2.6666
46 264 4.04925
46 349 3.15555
46 89 2.17996
46 112 3.85936
46 73 4.27113
46 451 2.5776
46 459 2.82871
46 90 4.26584
46 425 2.2882
46 321 1.63229
46 41 2.6403
46 418 2.92474
46 434 1.85825
46 140 3.3371
46 93 4.09781
46 436 4.18363
46 257 2.1408
46 224 2.15109
46 326 2.92686
46 233 4.05991
46 462 4.44806
46 182 1.59143
48 163 3.19553
48 66 4.10969
48 287 3.69479
48 267 3.39591
48 303 4.06786
48 402 2.17894
48 421 3.54708
48 268 1.84387
48 339 2.57775
48 385 3.20509
48 39 2.95921
48 54 3.31443
48 248 3.32301
48 118 2.96984
48 294 4.30357
48 207 2.41811
48 157 3.23305
48 239 2.35186
48 334 3.46845
48 220 4.3313
48 1 3.84955
48 143 3.45832
48 244 1.77321
48 419 3.5692
48 318 2.11591
48 346 2.86943
48 335 3.65774
48 189 2.10743
48 452 3.15191
48 277 2.45405
48 447 3.6505
48 204 2.36423
48 345 2.60014
48 411 4.83878
48 319 2.89757
48 249 3.28953
48 171 2.56978
48 200 2.10676
48 18 3.82215
48 486 2.01735
48 448 2.41522
48 129 2.56139
48 121 3.45894
48 33 2.73514
48 265 3.01487
48 147 2.22652
48 172 3.35976
48 327 2.79023
48 464 2.76236
48 184 2.78019
48 259 4.06899
48 480 2.42433
48 230 3.13478
48 266 3.67889
48 228 4.09413
48 364 2.61711
48 340 3.63198
48 44 2.099
48 250 3.58919
48 403 2.48839
48 74 3.95097
48 465 2.13829
48 164 1.63691
48 406 1.53862
48 444 2.93395
48 475 2.88712
48 438 2.40668
48 94 2.86451
48 258 3.11308
48 199 4.15862
48 213 3.37675
48 29 3.04623
48 466 4.17579
48 206 4.10305
48 456 3.86194
48 161 3.59621
48 108 1.70082
48 368 2.57205
48 490 2.9433
48 396 2.26373
48 67 3.04084
48 151 2.48289
48 148 3.55083
48 141 2.76352
48 488 3.58499
48 347 1.94483
48 117 2.70693
48 260 3.35527
48 301 4.0306
48 282 3.78911
48 131 2.78004
48 400 3.58763
48 128 4.20165
48 59 1.79163
48 106 3.88739
48 32 2.24226
48 469 3.67968
48 295 3.60695
48 102 4.15938
48 75 3.30712
48 19 3.82316
48 238 2.43521
48 454 2.61523
48 84 2.48231
48 173 2.71875
48 369 2.47229
48 34 3.69706
48 181 1.90044
48 370 3.01616
48 10 2.30165
48 175 2.92655
48 174 2.44485
48 180 2.68048
48 12 2.69135
48 16 3.16039
48 132 2.33764
48 407 2.4452
48 214 3.4252
48 387 2.88692
48 115 3.28848
48 437 2.59356
48 487 2.71959
48 328 1.60073
48 391 3.80683
48 95 2.33791
48 103 2.26018
48 361 3.84881
48 122 4.10146
48 388 4.22249
48 342 2.53543
48 212 2.42892
48 208 3.94808
48 445 2.59698
48 123 2.39907
48 85 1.87473
48 191 2.51556
48 286 3.66854
48 82 4.5823
48 350 3.46101
48 477 2.80768
48 107 1.7707
48 397 3.77728
48 355 2.71814
48 52 2.98103
48 92 1.92603
48 209 3.21361
48 336 4.07012
48 242 4.26528
48 130 2.53429
48 269 3.21639
48 322 1.637
48 195 3.12373
48 76 3.55
48 443 3.6325
48 35 2.7338
48 169 3.15051
48 371 2.86458
48 372 3.06223
48 298 2.22539
48 124 3.7512
48 210 2.97433
48 236 1.87977
48 379 2.57218
48 356 4.22299
48 470 2.75058
48 192 2.15516
48 422 3.54232
48 463 3.00828
48 316 1.4983
48 68 3.56772
48 53 3.34271
48 215 3.52294
48 432 2.10251
48 357 3.21765
48 27 3.12381
48 186 1.92692
48 280 2.74422
48 270 4.01208
48 360 2.42363
48 221 1.83076
48 2 3.43788
48 283 1.63723
48 329 4.33252
48 45 3.33447
48 362 3.32647
48 216 2.62698
48 358 2.67289
48 138 2.80661
48 28 2.14461
48 430 4.07877
48 234 1.41082
48 133 3.96794
48 237 3.56585
48 245 3.29886
48 386 2.9778
48 70 2.76121
48 420 1.86289
48 36 2.53865
48 323 1.86312
48 69 3.11015
48 119 2.68164
48 179 3.92562
48 196 3.15224
48 46 3.94459
48 395 3.20747
48 159 3.5066
48 176 1.8722
48 152 3.58003
48 116 2.68675
48 479 3.80587
48 197 3.47927
48 382 3.03698
48 113 2.3002
48 83 3.29063
48 9 2.24037
48 439 4.35087
48 381 3.72772
48 91 3.54933
48 330 4.35198
48 168 3.74143
48 440 4.33221
48 317 3.6169
48 47 2.91201
48 251 1.8753
48 292 3.88895
48 77 3.50644
48 246 1.49298
48 261 1.90933
48 126 3.72761
48 3 4.29858
48 284 2.47959
48 383 3.07022
48 86 2.0832
48 401 2.30492
48 489 3.01373
48 225 1.83878
48 4 2.63667
48 426 3.33573
48 217 1.6643
48 55 2.13461
48 142 3.07047
48 187 1.93617
48 423 3.60013
48 235 3.11077
48 104 3.80502
48 427 2.8617
48 134 1.32862
48 145 3.75483
48 56 1.85812
48 23 3.67341
48 241 4.84254
48 455 2.74764
48 453 4.00983
48 271 3.16108
48 87 3.29587
48 135 1.83845
48 62 2.09345
48 252 2.36846
48 471 3.22231
48 314 3.88222
48 211 2.37036
48 160 2.41983
48 384 3.78812
48 412 4.04345
48 136 3.20354
48 185 2.3083
48 153 1.41201
48 243 2.49996
48 57 2.29204
48 158 1.81194
48 344 3.87283
48 48 2.18137
48 311 2.68669
48 413 2.54984
48 290 4.04458
48 324 2.06742
48 348 3.66513
48 472 2.00631
48 61 2.68769
48 223 2.57699
48 291 3.35928
48 272 2.2444
48 281 1.70048
48 11 2.33478
48 449 2.65135
48 42 3.73688
48 435 2.97376
48 222 2.04622
48 312 3.33195
48 392 3.24459
48 247 3.95082
48 433 3.60797
48 275 2.73704
48 310 2.40364
48 201 3.17123
48 476 3.35528
48 24 2.60069
48 105 2.29352
48 137 3.91543
48 58 3.95477
48 331 4.20824
48 398 2.45434
48 473 3.16998
48 288 2.00655
48 5 3.35742
48 359 3.12396
48 202 4.06183
48 205 2.15824
48 373 4.31081
48 414 1.575
48 125 1.99962
48 365 4.23727
48 461 3.5303
48 253 3.41993
48 297 2.57867
48 149 2.70502
48 305 3.82797
48 278 3.0226
48 304 3.35837
48 43 4.12457
48 71 2.5677
48 450 2.59307
48 341 1.97027
48 302 2.98533
48 351 2.32016
48 315 3.66614
48 254 3.06137
48 194 2.91323
48 6 2.54495
48 226 2.44483
48 293 1.98454
48 188 4.46251
48 156 4.46249
48 193 1.32757
48 40 3.47059
48 485 2.00818
48 352 1.78914
48 31 3.02513
48 96 2.46729
48 478 4.32255
48 64 2.09627
48 170 2.15928
48 409 1.47555
48 101 1.99927
48 150 3.39921
48 177 1.77383
48 273 2.84407
48 20 2.49249
48 154 2.76909
48 428 3.32073
48 262 1.94641
48 49 2.49256
48 146 2.56787
48 431 1.41275
48 481 3.50337
48 14 3.08628
48 484 3.19629
48 374 2.76865
48 375 3.75593
48 441 3.29574
48 198 2.37131
48 467 2.75606
48 299 2.04725
48 457 2.57131
48 337 3.23676
48 306 2.65602
48 399 4.65729
48 366 3.58244
48 110 2.56547
48 279 4.32239
48 276 2.49232
48 166 3.84493
48 296 4.08732
48 88 3.34683
48 8 2.70268
48 274 2.1094
48 394 2.60332
48 390 2.15757
48 309 4.78176
48 37 3.331
48 120 2.80139
48 468 3.44506
48 114 4.57163
48 7 3.52009
48 354 4.35969
48 353 2.18301
48 15 2.11893
48 79 3.65578
48 263 3.39346
48 165 3.84222
48 127 4.1007
48 338 2.31826
48 404 2.70182
48 190 4.1872
48 155 2.04529
48 99 2.95099
48 325 2.79136
48 405 2.80191
48 300 3.65529
48 38 3.22007
48 483 3.68001
48 442 3.82816
48 376 3.25895
48 231 3.46871
48 389 3.85286
48 380 2.99893
48 482 3.34497
48 203 2.82737
48 80 3.46857
48 415 4.38526
48 218 3.65583
48 255 3.54307
48 98 3.23385
48 367 2.29361
48 51 2.99952
48 307 3.07313
48 256 2.36842
48 308 2.81339
48 78 2.56737
48 313 3.13408
48 343 2.4669
48 285 1.98324
48 50 2.25533
48 109 2.62711
48 410 3.7545
48 458 2.10762
48 332 1.98451
48 65 3.71731
48 474 3.01255
48 408 2.67902
48 333 2.57919
48 144 1.68559
48 60 2.54208
48 320 2.62588
48 232 2.54209
48 72 2.62801
48 416 2.73968
48 139 1.41324
48 167 2.406
48 429 4.00261
48 289 1.66249
48 162 2.54045
48 25 1.6621
48 22 2.08222
48 227 3.86546
48 63 3.40685
48 26 1.98352
48 81 2.7766
48 446 3.68104
48 240 4.1509
48 97 2.2193
48 219 3.14984
48 17 3.2591
48 377 1.21617
48 229 3.18585
48 30 2.78764
48 21 2.60365
48 13 3.8548
48 178 3.55694
48 491 2.88606
48 460 2.62676
48 378 4.54734
48 363 2.13335
48 111 4.18882
48 424 3.22241
48 417 1.98558
48 183 2.0825
48 100 3.46952
48 393 1.95994
48 264 4.21275
48 349 3.37111
48 89 2.20671
48 112 3.94001
48 73 4.06553
48 451 1.68737
48 459 2.71496
48 90 3.26084
48 425 2.15689
48 321 1.69893
48 41 3.18488
48 418 2.93711
48 434 2.35521
48 140 3.80417
48 93 4.32445
48 436 3.79377
48 257 2.78835
48 224 1.77305
48 326 3.68061
48 233 3.19776
48 462 3.69396
48 182 1.53761
49 163 2.99956
49 66 3.92237
49 287 4.20829
49 267 3.24512
49 303 4.53484
49 402 2.92445
49 421 3.13735
49 268 2.28301
49 339 2.42105
49 385 3.43753
49 39 2.68813
49 54 3.94229
49 248 3.72559
49 118 3.35676
49 294 4.61635
49 207 3.24177
49 157 3.33548
49 239 2.77637
49 334 3.41638
49 220 4.51405
49 1 3.68315
49 143 3.24309
49 244 1.84769
49 419 3.98061
49 318 1.54794
49 346 2.79293
49 335 2.99095
49 189 2.25954
49 452 3.38093
49 277 2.42648
49 447 3.93541
49 204 2.53138
49 345 2.61272
49 411 5
49 319 2.69097
49 249 3.62691
49 171 2.48103
49 200 2.25969
49 18 3.78578
49 486 2.36423
49 448 3.00657
49 129 3.19307
49 121 3.24366
49 33 3.27689
49 265 3.63074
49 147 2.2851
49 172 3.56432
49 327 3.0716
49 464 3.17372
49 184 3.55077
49 259 4.53653
49 480 2.29538
49 230 3.00471
49 266 3.83362
49 228 4.20014
49 364 2.9885
49 340 3.97901
49 44 1.82401
49 250 3.93874
49 403 2.52669
49 74 4.24811
49 465 2.39169
49 164 2.09836
49 406 1.76766
49 444 3.02415
49 475 3.16957
49 438 1.91861
49 94 3.74006
49 258 2.1608
49 199 4.43145
49 213 3.28859
49 29 3.1109
49 466 4.15513
49 206 3.488
49 456 4.35412
49 161 2.99327
49 108 2.32951
49 368 3.36778
49 490 3.46111
49 396 2.61972
49 67 2.64236
49 151 3.47434
49 148 3.37165
49 141 3.1755
49 488 3.47133
49 347 1.69756
49 117 2.88377
49 260 3.86003
49 301 3.96934
49 282 3.68693
49 131 3.55156
49 400 3.70573
49 128 3.81962
49 59 1.57222
49 106 4.01775
49 32 1.77525
49 469 3.83462
49 295 4.31641
49 102 4.43227
49 75 2.8549
49 19 3.78642
49 238 2.46942
49 454 2.75524
49 84 3.4743
49 173 3.55541
49 369 2.80405
49 34 3.5579
49 181 2.0774
49 370 2.97937
49 10 2.30178
49 175 2.5889
49 174 2.25319
49 180 2.33388
49 12 2.50858
49 16 3.81867
49 132 3.28932
49 407 2.25327
49 214 3.79752
49 387 3.16991
49 115 3.39412
49 437 3.32802
49 487 3.55669
49 328 1.76556
49 391 4.06438
49 95 3.29052
49 103 1.7296
49 361 3.6807
49 122 3.48399
49 388 4.66304
49 342 3.03489
49 212 2.76193
49 208 4.01431
49 445 2.37666
49 123 2.63217
49 85 2.41409
49 191 2.42237
49 286 3.65951
49 82 4.08374
49 350 3.47592
49 477 2.79453
49 107 1.61337
49 397 4.16578
49 355 3.55616
49 52 2.8767
49 92 1.97211
49 209 2.72288
49 336 4.53867
49 242 4.049
49 130 3.03413
49 269 2.95682
49 322 2.10047
49 195 3.48436
49 76 3.36967
49 443 3.32475
49 35 3.04617
49 169 3.38011
49 371 3.74281
49 372 3.4869
49 298 2.28377
49 124 3.34836
49 210 3.5941
49 236 1.46382
49 379 3.37081
49 356 4.66381
49 470 2.50215
49 192 2.11376
49 422 4.08633
49 463 3.69551
49 316 1.19748
49 68 3.09236
49 53 3.18614
49 215 3.47362
49 432 3.21204
49 357 2.95745
49 27 3.48476
49 186 1.97305
49 280 2.56325
49 270 4.2458
49 360 2.29421
49 221 2.79713
49 2 3.2845
49 283 2.10119
49 329 4.51472
49 45 3.01405
49 362 3.73211
49 216 2.27385
49 358 3.05035
49 138 2.56204
49 28 2.59783
49 430 4.48033
49 234 1.30489
49 133 3.74003
49 237 4.04681
49 245 2.68012
49 386 3.29872
49 70 2.94136
49 420 1.74305
49 36 2.38326
49 323 1.74327
49 69 3.11016
49 119 2.33282
49 179 4.35368
49 196 2.49349
49 46 4.07675
49 395 3.44027
49 159 3.75215
49 176 2.18014
49 152 3.26973
49 116 2.57096
49 479 4.06419
49 197 3.85485
49 382 3.5937
49 113 2.95678
49 83 3.39534
49 9 2.07193
49 439 4.00472
49 381 3.45709
49 91 3.13605
49 330 4.00562
49 168 3.83197
49 440 4.28206
49 317 3.60447
49 47 3.36463
49 251 2.41639
49 292 4.01921
49 77 3.75208
49 246 2.14953
49 261 2.51523
49 126 3.457
49 3 4.18352
49 284 2.08925
49 383 2.53914
49 86 2.59914
49 401 2.00385
49 489 3.63301
49 225 2.082
49 4 2.71396
49 426 3.90468
49 217 1.99771
49 55 2.15756
49 142 2.5392
49 187 2.41238
49 423 2.99313
49 235 3.11064
49 104 4.06304
49 427 3.50821
49 134 1.3512
49 145 4.50659
49 56 1.80499
49 23 3.66256
49 241 5
49 455 2.56655
49 453 4.30993
49 271 3.82051
49 87 3.63362
49 135 2.07966
49 62 1.88496
49 252 2.23602
49 471 2.96354
49 314 3.84621
49 211 2.53773
49 160 3.24709
49 384 3.45199
49 412 3.25539
49 136 3.20337
49 185 3.39447
49 153 1.30577
49 243 2.96614
49 57 2.78341
49 158 2.18541
49 344 3.40808
49 48 2.93158
49 311 2.2702
49 413 2.52239
49 290 3.25595
49 324 1.98896
49 348 3.22528
49 472 1.69275
49 61 2.271
49 223 2.41895
49 291 3.86579
49 272 3.16317
49 281 2.33303
49 11 3.29154
49 449 3.09083
49 42 3.66097
49 435 3.3626
49 222 2.26441
49 312 3.73771
49 392 2.62121
49 247 4.01597
49 433 4.32105
49 275 3.04836
49 310 2.63678
49 201 3.10559
49 476 3.39523
49 24 2.37923
49 105 2.78562
49 137 3.91496
49 58 4.25297
49 331 3.82101
49 398 2.42624
49 473 3.17177
49 288 1.69235
49 5 3.63079
49 359 3.4855
49 202 3.86799
49 205 2.04998
49 373 4.62436
49 414 1.87266
49 125 2.64544
49 365 3.95165
49 461 3.4804
49 253 3.62995
49 297 2.42058
49 149 2.88302
49 305 3.55789
49 278 2.98465
49 304 3.63246
49 43 3.93455
49 71 3.20548
49 450 3.33133
49 341 1.35574
49 302 2.6474
49 351 2.91467
49 315 2.99175
49 254 3.32356
49 194 3.13519
49 6 3.47917
49 226 3.14337
49 293 2.26707
49 188 4.74884
49 156 4.74882
49 193 1.34934
49 40 3.41659
49 485 1.69339
49 352 2.45975
49 31 2.91876
49 96 2.63683
49 478 3.67568
49 64 1.8178
49 170 2.04909
49 409 1.53764
49 101 2.64571
49 150 3.9053
49 177 1.61506
49 273 3.79084
49 20 2.53014
49 154 3.11551
49 428 3.52774
49 262 1.69606
49 49 2.76318
49 146 3.20603
49 431 1.3064
49 481 2.42375
49 14 3.44951
49 484 3.06636
49 374 3.11521
49 375 3.3498
49 441 3.40163
49 198 2.46975
49 467 3.89999
49 299 2.26552
49 457 3.37477
49 337 3.33896
49 306 3.33115
49 399 4.32213
49 366 3.26795
49 110 2.04225
49 279 3.67436
49 276 2.52998
49 166 4.40408
49 296 3.59545
49 88 2.95551
49 8 2.94904
49 274 2.26327
49 394 2.61369
49 390 2.11555
49 309 4.78319
49 37 2.57674
49 120 3.28185
49 468 3.5224
49 114 4.59838
49 7 4.43142
49 354 4.01052
49 353 1.77581
49 15 1.54371
49 79 3.70762
49 263 2.80782
49 165 4.40098
49 127 4.43997
49 338 2.91523
49 404 2.7135
49 190 4.16316
49 155 2.49883
49 99 3.63867
49 325 3.07472
49 405 3.28242
49 300 3.94174
49 38 2.72497
49 483 3.60086
49 442 3.78925
49 376 3.23071
49 231 3.24803
49 389 3.68307
49 380 3.25794
49 482 3.18793
49 203 3.17788
49 80 3.48262
49 415 3.90477
49 218 3.70753
49 255 2.76252
49 98 3.40416
49 367 2.78702
49 51 3.02381
49 307 2.5376
49 256 3.62935
49 308 2.56504
49 78 2.04339
49 313 3.0023
49 343 2.80206
49 285 2.03306
49 50 2.68371
49 109 2.27323
49 410 3.34981
49 458 2.26096
49 332 2.20141
49 65 4.17302
49 474 3.63529
49 408 3.22341
49 333 2.41962
49 144 1.72267
49 60 3.4779
49 320 2.33923
49 232 2.31705
49 72 2.27385
49 416 1.89048
49 139 1.30652
49 167 2.57217
49 429 3.63773
49 289 1.99784
49 162 2.38283
49 25 2.23236
49 22 2.60164
49 227 4.12667
49 63 3.25124
49 26 2.03332
49 81 2.22761
49 446 3.83657
49 240 3.82597
49 97 2.11255
49 219 3.3813
49 17 3.29815
49 377 1.73378
49 229 3.7182
49 30 2.90483
49 21 2.61532
49 13 3.68453
49 178 3.37387
49 491 3.23815
49 460 3.43409
49 378 4.70482
49 363 2.15553
49 111 4.33162
49 424 4.05527
49 417 2.20285
49 183 2.60209
49 100 3.48297
49 393 2.30837
49 264 4.05691
49 349 4.24418
49 89 2.83027
49 112 3.40521
49 73 3.86961
49 451 1.89205
49 459 3.56091
49 90 3.23248
49 425 1.88056
49 321 2.33533
49 41 3.78495
49 418 2.79183
49 434 2.78388
49 140 4.13104
49 93 3.67262
49 436 3.4534
49 257 2.90558
49 224 1.84842
49 326 3.66843
49 233 2.99982
49 462 3.1187
49 182 1.53449
