0 0 3.65517
0 1 2.73206
0 2 4.76991
0 3 2.4954
0 4 3.89098
0 5 2.49731
0 6 2.77261
0 7 1.80025
0 8 2.85073
0 9 3.2663
0 10 2.91915
0 11 4.70308
0 12 2.70204
0 13 3.05723
0 14 4.10043
0 15 3.23662
0 16 3.68946
0 17 2.25248
0 18 3.89869
0 19 4.52338
0 20 3.96666
0 21 2.42299
0 22 2.26305
0 23 4.38761
0 24 1.76992
0 25 2.56867
0 26 2.59941
0 27 2.43293
0 28 4.28726
0 29 2.99645
0 30 3.79025
0 31 2.64593
0 32 2.85567
0 33 4.97493
0 34 2.99215
0 35 3.19844
0 36 1.9033
0 37 2.43213
0 38 3.54388
0 39 2.08207
0 40 2.70728
0 41 2.56654
0 42 2.42316
0 43 2.84875
0 44 4.03834
0 45 3.73531
0 46 4.0738
0 47 3.69494
0 48 3.27151
0 49 3.83013
0 50 3.89159
0 51 2.04469
0 52 3.72996
0 53 4.21431
0 54 3.78575
0 55 3.41341
0 56 4.31624
0 57 2.82433
0 58 3.86349
0 59 2.50069
0 60 4.4565
0 61 3.38673
0 62 2.01479
0 63 2.05516
0 64 3.02487
0 65 3.12668
0 66 1.48596
0 67 3.76209
0 68 2.11354
0 69 4.24223
0 70 3.01937
0 71 3.38069
0 72 3.18768
0 73 3.12228
0 74 4.10673
0 75 2.67147
0 76 2.47132
0 77 4.04494
0 78 2.63463
0 79 3.77042
0 80 2.32065
0 81 3.69526
0 82 3.30175
0 83 3.27319
0 84 2.80456
0 85 2.01678
0 86 3.76521
0 87 3.65647
0 88 3.32892
0 89 4.04152
0 90 3.83102
0 91 3.33481
0 92 3.08093
0 93 1.20982
0 94 4.00085
0 95 2.15266
0 96 4.21578
0 97 4.4232
0 98 4.24287
0 99 3.48414
0 100 3.54396
0 101 3.5237
0 102 2.88475
0 103 3.69537
0 104 3.90539
0 105 3.55735
0 106 3.16009
0 107 2.6491
0 108 2.42656
0 109 2.19106
0 110 3.41754
0 111 1.5186
0 112 1.72786
0 113 3.20875
0 114 3.89835
0 115 3.83877
0 116 1.51847
0 117 4.5337
0 118 3.12715
0 119 2.66837
0 120 3.52277
0 121 3.90696
0 122 1.98319
0 123 4.60123
0 124 3.83992
0 125 1.62449
0 126 3.96564
0 127 3.11773
0 128 4.69913
0 129 4.01499
0 130 3.10413
0 131 3.92639
0 132 2.32444
0 133 2.14941
0 134 2.75576
0 135 2.9242
0 136 2.7337
0 137 3.14487
0 138 2.94922
0 139 2.64029
0 140 1.7337
0 141 4.17517
0 142 3.9066
0 143 2.92236
0 144 3.0728
0 145 2.60002
0 146 3.89168
0 147 3.53544
0 148 4.0149
0 149 3.13131
0 150 2.01621
0 151 3.86633
0 152 3.29978
0 153 2.70039
0 154 2.31863
0 155 4.29046
0 156 3.76515
0 157 3.94015
0 158 3.7405
0 159 4.00728
0 160 3.59035
0 161 1.55799
0 162 4.04992
0 163 4.69996
0 164 3.1335
0 165 2.33229
0 166 3.9667
0 167 3.09168
0 168 1.4912
0 169 2.24119
0 170 3.51602
0 171 2.87498
0 172 3.63352
0 173 3.13234
0 174 3.86695
0 175 3.07517
0 176 2.18238
0 177 4.38401
0 178 2.04156
0 179 3.39218
0 180 2.94274
0 181 2.01675
0 182 4.52473
0 183 2.03338
0 184 2.70042
0 185 2.75171
0 186 2.39205
0 187 2.10909
0 188 2.46742
0 189 4.84465
0 190 1.14141
0 191 2.86843
0 192 3.4432
0 193 2.00076
0 194 4.01085
0 195 2.74305
0 196 2.61819
0 197 2.4002
0 198 2.61851
0 199 3.30962
0 200 1.72508
0 201 4.03488
0 202 2.14298
0 203 2.97605
0 204 3.26804
0 205 3.93525
0 206 2.22572
0 207 3.72722
0 208 2.25868
0 209 4.60266
0 210 3.50982
0 211 3.51799
0 212 3.8105
0 213 2.66741
0 214 1.73334
0 215 2.93522
0 216 3.58543
0 217 2.76888
0 218 2.93587
0 219 4.14419
0 220 3.99462
0 221 3.76027
0 222 3.13418
0 223 2.75857
0 224 4.00213
0 225 3.93526
0 226 2.69202
0 227 2.25886
0 228 3.58547
0 229 4.49466
0 230 2.89398
0 231 2.74413
0 232 2.54187
0 233 2.60969
0 234 4.04396
0 235 2.7262
0 236 2.35886
0 237 4.18539
0 238 2.44275
0 239 2.8608
0 240 2.74429
0 241 2.68452
0 242 2.66836
0 243 3.31031
0 244 4.60236
0 245 3.2341
0 246 1.74265
0 247 4.28489
0 248 1.6666
0 249 2.73358
0 250 4.97818
0 251 2.18387
0 252 3.43448
0 253 3.90215
0 254 3.20148
0 255 2.72642
0 256 1.87562
0 257 3.06886
0 258 3.13572
0 259 2.51703
0 260 2.65213
0 261 3.24333
0 262 3.51041
0 263 2.65986
0 264 2.73396
0 265 3.41823
0 266 1.14167
0 267 2.10903
0 268 2.32615
0 269 2.30113
0 270 2.91002
0 271 2.50165
0 272 2.67596
0 273 2.42645
0 274 2.66026
0 275 1.45059
0 276 3.12707
0 277 1.9426
0 278 2.67685
0 279 2.85236
0 280 3.66013
0 281 2.9601
0 282 2.47614
0 283 3.84445
0 284 2.9196
0 285 2.661
0 286 3.06072
0 287 2.50936
0 288 2.70342
0 289 3.02595
0 290 3.92876
0 291 4.42893
0 292 2.32012
0 293 2.15183
0 294 3.23539
0 295 2.59553
0 296 2.32605
0 297 2.32803
0 298 4.42726
0 299 4.46323
0 300 3.07908
0 301 3.00029
0 302 2.28545
0 303 1.94281
0 304 3.12803
0 305 3.86967
0 306 3.75324
0 307 3.28428
0 308 4.10378
0 309 1.55997
0 310 3.14453
0 311 4.03804
0 312 2.8789
0 313 3.05443
0 314 2.85355
0 315 3.77101
0 316 3.0141
0 317 2.42774
0 318 3.12868
0 319 2.73047
0 320 2.57092
0 321 3.52773
0 322 1.91023
0 323 2.39437
0 324 3.28547
0 325 2.59599
0 326 2.46239
0 327 2.6041
0 328 3.62977
0 329 3.66996
0 330 2.58489
0 331 4.9145
0 332 4.91449
0 333 1.74247
0 334 3.90401
0 335 1.94379
0 336 3.36142
0 337 3.37914
0 338 2.07846
0 339 2.90461
0 340 2.82786
0 341 3.28715
0 342 1.60065
0 343 3.14548
0 344 4.1149
0 345 1.73594
0 346 4.29918
0 347 2.50361
0 348 4.23261
0 349 3.62704
0 350 2.01856
0 351 3.0362
0 352 2.57079
0 353 1.14158
0 354 2.17593
0 355 3.41921
0 356 2.71022
0 357 4.23252
0 358 4.01334
0 359 2.66909
0 360 3.60601
0 361 3.94807
0 362 2.51161
0 363 4.05804
0 364 3.69721
0 365 3.45589
0 366 3.60337
0 367 3.72997
0 368 2.29401
0 369 2.90221
0 370 2.50329
0 371 4.64099
0 372 2.69334
0 373 2.98764
0 374 2.81971
0 375 2.43743
0 376 2.86101
0 377 2.3357
0 378 4.5207
0 379 2.42422
0 380 2.77876
0 381 3.47879
0 382 4.73724
0 383 4.07906
0 384 2.93533
0 385 2.22839
0 386 1.76732
0 387 3.26255
0 388 2.88309
0 389 4.63888
0 390 4.31952
0 391 3.28553
0 392 2.28595
0 393 3.18577
0 394 3.04328
0 395 4.12201
0 396 3.70643
0 397 2.77885
0 398 3.79492
0 399 2.59996
0 400 3.6867
0 401 3.54426
0 402 4.12004
0 403 2.41763
0 404 3.96948
0 405 3.48627
0 406 3.51868
0 407 3.20438
0 408 2.95098
0 409 3.36025
0 410 3.2618
0 411 2.20832
0 412 2.74276
0 413 2.32751
0 414 2.95334
0 415 2.7435
0 416 3.88092
0 417 2.10967
0 418 2.29508
0 419 3.73509
0 420 3.56273
0 421 2.05117
0 422 2.82678
0 423 2.75144
0 424 4.01131
0 425 2.43592
0 426 3.53851
0 427 4.25416
0 428 4.04788
0 429 3.88169
0 430 2.8542
0 431 1.38298
0 432 3.63119
0 433 1.79746
0 434 3.35477
0 435 2.75234
0 436 2.04266
0 437 1.14088
0 438 3.10527
0 439 3.29418
0 440 2.44553
0 441 2.40027
0 442 2.97921
0 443 2.5439
0 444 3.57733
0 445 2.49084
0 446 2.05141
0 447 2.07573
0 448 4.22166
0 449 3.15095
0 450 2.26044
0 451 4.29983
0 452 3.16817
0 453 2.45417
0 454 4.33216
0 455 2.21582
0 456 2.86112
0 457 3.97133
0 458 3.30261
0 459 2.17373
0 460 3.0277
0 461 4.31178
0 462 2.86346
0 463 4.67253
0 464 4.36522
0 465 3.54171
0 466 2.54427
0 467 2.95028
0 468 3.11472
0 469 3.60965
0 470 4.22271
0 471 2.92967
0 472 2.83267
0 473 3.7537
0 474 2.87294
0 475 3.91556
0 476 4.12409
0 477 1.80009
0 478 2.4792
0 479 3.37787
0 480 2.49248
0 481 2.25182
0 482 3.65224
0 483 2.89805
0 484 3.51239
0 485 2.21588
0 486 2.26949
0 487 2.73241
0 488 3.66323
0 489 3.55329
0 490 1.5257
1 0 4.04765
1 1 3.26811
1 2 4.28703
1 3 2.83675
1 4 3.42956
1 5 1.61128
1 6 3.61233
1 7 1.31227
1 8 3.25139
1 9 3.11273
1 10 3.48965
1 11 4.05027
1 12 2.32528
1 13 2.65739
1 14 3.88493
1 15 2.16861
1 16 3.68264
1 17 1.86278
1 18 4.13818
1 19 4.4547
1 20 4.37597
1 21 2.94009
1 22 2.14645
1 23 3.97927
1 24 2.64692
1 25 2.81656
1 26 3.76054
1 27 2.34121
1 28 4.10634
1 29 3.04539
1 30 3.55589
1 31 2.37192
1 32 2.82796
1 33 5
1 34 3.38691
1 35 2.79199
1 36 2.15548
1 37 2.33948
1 38 3.80642
1 39 1.6675
1 40 2.06711
1 41 1.84958
1 42 2.94038
1 43 2.20213
1 44 3.38959
1 45 3.68708
1 46 3.99248
1 47 3.34237
1 48 2.77213
1 49 2.93477
1 50 3.42938
1 51 2.37341
1 52 3.94498
1 53 4.12692
1 54 3.89715
1 55 2.99035
1 56 4.08366
1 57 3.27736
1 58 3.45296
1 59 2.57821
1 60 4.21791
1 61 3.01539
1 62 1.43009
1 63 1.69205
1 64 3.02231
1 65 2.97911
1 66 2.2105
1 67 2.61385
1 68 3.57818
1 69 4.10299
1 70 3.36192
1 71 3.27238
1 72 3.47328
1 73 4.20373
1 74 3.54453
1 75 3.65765
1 76 1.63539
1 77 3.04923
1 78 2.08684
1 79 3.32402
1 80 3.06667
1 81 2.37495
1 82 3.71612
1 83 2.7729
1 84 3.2483
1 85 2.39779
1 86 3.66509
1 87 2.99828
1 88 3.69184
1 89 4.27512
1 90 2.93462
1 91 3.35111
1 92 3.94019
1 93 1.51841
1 94 4.01295
1 95 2.9573
1 96 4.12804
1 97 3.61583
1 98 4.10365
1 99 4.19724
1 100 3.80716
1 101 3.57513
1 102 2.88869
1 103 2.37424
1 104 2.83194
1 105 3.2103
1 106 3.49801
1 107 2.4576
1 108 2.59854
1 109 2.16752
1 110 3.96066
1 111 1.84614
1 112 2.30246
1 113 3.50486
1 114 3.17003
1 115 2.59472
1 116 1.84635
1 117 4.20088
1 118 2.9794
1 119 2.68916
1 120 2.52361
1 121 2.83291
1 122 1.79581
1 123 4.43871
1 124 2.5944
1 125 2.42889
1 126 4.37738
1 127 4.20255
1 128 4.30784
1 129 3.41598
1 130 2.5798
1 131 4.11417
1 132 2.72552
1 133 1.90357
1 134 1.98888
1 135 3.1507
1 136 2.9244
1 137 4.177
1 138 3.0409
1 139 2.71342
1 140 2.04473
1 141 3.86443
1 142 2.83107
1 143 3.06709
1 144 3.0293
1 145 3.41942
1 146 3.42751
1 147 4.1457
1 148 3.41546
1 149 3.52351
1 150 1.42877
1 151 3.53687
1 152 3.71566
1 153 3.29118
1 154 2.09632
1 155 4.10915
1 156 2.61259
1 157 3.43477
1 158 3.69284
1 159 4.64328
1 160 2.76069
1 161 2.19242
1 162 3.05032
1 163 4.30832
1 164 3.60772
1 165 2.38699
1 166 3.40812
1 167 2.28931
1 168 1.95498
1 169 3.08386
1 170 3.83304
1 171 3.14276
1 172 2.1381
1 173 3.52523
1 174 3.53719
1 175 3.03169
1 176 2.50752
1 177 4.32046
1 178 2.37152
1 179 2.04884
1 180 3.4635
1 181 1.42863
1 182 4.45631
1 183 2.62891
1 184 2.31926
1 185 3.30339
1 186 1.9925
1 187 2.60994
1 188 1.9733
1 189 4.52916
1 190 1.28125
1 191 3.48248
1 192 2.88294
1 193 2.99604
1 194 3.75806
1 195 2.67067
1 196 2.82456
1 197 2.62417
1 198 2.82491
1 199 3.37737
1 200 2.30245
1 201 3.64824
1 202 3.21507
1 203 3.0173
1 204 3.11423
1 205 3.77667
1 206 1.88637
1 207 4.29008
1 208 2.4062
1 209 4.43932
1 210 3.20443
1 211 2.86317
1 212 2.9617
1 213 2.68931
1 214 1.96234
1 215 3.72406
1 216 4.07178
1 217 3.61488
1 218 3.72502
1 219 4.23303
1 220 4.35544
1 221 3.92404
1 222 2.55561
1 223 1.98908
1 224 4.01445
1 225 3.77662
1 226 1.75144
1 227 1.52038
1 228 4.07179
1 229 4.82461
1 230 3.519
1 231 3.64123
1 232 1.87318
1 233 3.16595
1 234 3.39166
1 235 2.35577
1 236 2.36139
1 237 3.52643
1 238 2.00223
1 239 2.91573
1 240 3.64167
1 241 2.09238
1 242 3.66025
1 243 3.37813
1 244 4.43942
1 245 2.50964
1 246 1.70627
1 247 3.39736
1 248 1.72464
1 249 2.92666
1 250 5
1 251 2.50918
1 252 3.22324
1 253 3.17275
1 254 2.79307
1 255 2.35853
1 256 2.1815
1 257 3.37187
1 258 3.52645
1 259 2.81093
1 260 2.3759
1 261 2.16976
1 262 4.17511
1 263 4.00128
1 264 3.01062
1 265 2.0212
1 266 1.28181
1 267 1.64135
1 268 1.75748
1 269 1.78345
1 270 3.75106
1 271 1.6096
1 272 3.40346
1 273 2.68345
1 274 4.00254
1 275 1.60966
1 276 3.86758
1 277 2.5036
1 278 3.40461
1 279 3.25695
1 280 2.99798
1 281 1.81467
1 282 1.63475
1 283 2.59327
1 284 2.52338
1 285 3.03182
1 286 2.65807
1 287 2.23959
1 288 2.32186
1 289 3.99628
1 290 4.11905
1 291 3.61651
1 292 2.09954
1 293 1.90568
1 294 3.48165
1 295 2.79473
1 296 2.729
1 297 1.75824
1 298 4.58758
1 299 4.22332
1 300 3.94666
1 301 3.0496
1 302 2.38194
1 303 2.50461
1 304 2.89643
1 305 3.53951
1 306 4.26718
1 307 3.48804
1 308 3.88679
1 309 1.22226
1 310 2.29791
1 311 4.62424
1 312 3.14784
1 313 2.99857
1 314 3.25853
1 315 3.67083
1 316 3.7086
1 317 2.60104
1 318 2.89619
1 319 3.27058
1 320 1.84577
1 321 2.52253
1 322 2.87476
1 323 2.96974
1 324 2.43307
1 325 3.76916
1 326 2.23333
1 327 2.45256
1 328 2.47616
1 329 2.74152
1 330 2.13813
1 331 4.7702
1 332 4.77018
1 333 1.70736
1 334 4.14737
1 335 2.50665
1 336 2.41431
1 337 3.70382
1 338 2.0083
1 339 4.09703
1 340 3.28737
1 341 3.49376
1 342 1.48791
1 343 2.29796
1 344 3.63101
1 345 2.0498
1 346 3.14113
1 347 2.58288
1 348 3.87938
1 349 3.36642
1 350 2.40432
1 351 2.68512
1 352 1.84503
1 353 1.28196
1 354 3.82906
1 355 2.90911
1 356 2.95574
1 357 3.87929
1 358 4.65412
1 359 2.68933
1 360 3.48199
1 361 2.46228
1 362 2.24179
1 363 3.05242
1 364 3.69144
1 365 2.62593
1 366 4.39059
1 367 4.29898
1 368 3.10168
1 369 4.09639
1 370 2.58268
1 371 4.07494
1 372 3.63829
1 373 3.73807
1 374 2.56826
1 375 2.34483
1 376 2.835
1 377 2.39108
1 378 4.80176
1 379 3.57405
1 380 2.30412
1 381 3.57333
1 382 4.91716
1 383 2.93721
1 384 3.72868
1 385 2.86438
1 386 2.65585
1 387 3.45841
1 388 3.77951
1 389 4.07305
1 390 4.00072
1 391 2.42939
1 392 2.46726
1 393 3.47601
1 394 2.33951
1 395 3.28745
1 396 3.3505
1 397 2.3042
1 398 3.55805
1 399 3.42594
1 400 4.03098
1 401 3.81091
1 402 4.26157
1 403 2.94289
1 404 4.38424
1 405 3.23015
1 406 3.83658
1 407 2.87693
1 408 3.04317
1 409 4.30243
1 410 3.45806
1 411 3.46062
1 412 2.5855
1 413 1.75586
1 414 3.13035
1 415 3.64745
1 416 2.22158
1 417 2.61607
1 418 3.10389
1 419 3.95188
1 420 3.21207
1 421 2.03445
1 422 2.22389
1 423 3.30467
1 424 4.64999
1 425 2.34405
1 426 3.23929
1 427 3.76287
1 428 3.39145
1 429 3.19948
1 430 3.26168
1 431 1.37084
1 432 2.47507
1 433 2.2005
1 434 3.73166
1 435 3.30598
1 436 3.35482
1 437 1.28166
1 438 3.00873
1 439 4.06529
1 440 2.00248
1 441 2.62663
1 442 2.10246
1 443 1.87002
1 444 3.44161
1 445 2.83778
1 446 2.03473
1 447 2.98539
1 448 4.13288
1 449 3.84475
1 450 2.49362
1 451 4.11711
1 452 3.1592
1 453 1.65928
1 454 3.74584
1 455 2.14086
1 456 2.83273
1 457 4.3868
1 458 3.72273
1 459 1.87509
1 460 2.04762
1 461 4.34373
1 462 2.92036
1 463 4.68069
1 464 3.37592
1 465 3.24205
1 466 1.87011
1 467 3.04293
1 468 2.6666
1 469 4.04925
1 470 3.15555
1 471 2.17996
1 472 3.85936
1 473 4.27113
1 474 2.5776
1 475 2.82871
1 476 4.26584
1 477 2.2882
1 478 1.63229
1 479 2.6403
1 480 2.92474
1 481 1.85825
1 482 3.3371
1 483 4.09781
1 484 4.18363
1 485 2.1408
1 486 2.15109
1 487 2.92686
1 488 4.05991
1 489 4.44806
1 490 1.59143
2 0 3.19553
2 1 4.10969
2 2 3.69479
2 3 3.39591
2 4 4.06786
2 5 2.17894
2 6 3.54708
2 7 1.84387
2 8 2.57775
2 9 3.20509
2 10 2.95921
2 11 3.31443
2 12 3.32301
2 13 2.96984
2 14 4.30357
2 15 2.41811
2 16 3.23305
2 17 2.35186
2 18 3.46845
2 19 4.3313
2 20 3.84955
2 21 3.45832
2 22 1.77321
2 23 3.5692
2 24 2.11591
2 25 2.86943
2 26 3.65774
2 27 2.10743
2 28 3.15191
2 29 2.45405
2 30 3.6505
2 31 2.36423
2 32 2.60014
2 33 4.83878
2 34 2.89757
2 35 3.28953
2 36 2.56978
2 37 2.10676
2 38 3.82215
2 39 2.01735
2 40 2.41522
2 41 2.56139
2 42 3.45894
2 43 2.73514
2 44 3.01487
2 45 2.22652
2 46 3.35976
2 47 2.79023
2 48 2.76236
2 49 2.78019
2 50 4.06899
2 51 2.42433
2 52 3.13478
2 53 3.67889
2 54 4.09413
2 55 2.61711
2 56 3.63198
2 57 2.099
2 58 3.58919
2 59 2.48839
2 60 3.95097
2 61 2.13829
2 62 1.63691
2 63 1.53862
2 64 2.93395
2 65 2.88712
2 66 2.40668
2 67 2.86451
2 68 3.11308
2 69 4.15862
2 70 3.37675
2 71 3.04623
2 72 4.17579
2 73 4.10305
2 74 3.86194
2 75 3.59621
2 76 1.70082
2 77 2.57205
2 78 2.9433
2 79 2.26373
2 80 3.04084
2 81 2.48289
2 82 3.55083
2 83 2.76352
2 84 3.58499
2 85 1.94483
2 86 2.70693
2 87 3.35527
2 88 4.0306
2 89 3.78911
2 90 2.78004
2 91 3.58763
2 92 4.20165
2 93 1.79163
2 94 3.88739
2 95 2.24226
2 96 3.67968
2 97 3.60695
2 98 4.15938
2 99 3.30712
2 100 3.82316
2 101 2.43521
2 102 2.61523
2 103 2.48231
2 104 2.71875
2 105 2.47229
2 106 3.69706
2 107 1.90044
2 108 3.01616
2 109 2.30165
2 110 2.92655
2 111 2.44485
2 112 2.68048
2 113 2.69135
2 114 3.16039
2 115 2.33764
2 116 2.4452
2 117 3.4252
2 118 2.88692
2 119 3.28848
2 120 2.59356
2 121 2.71959
2 122 1.60073
2 123 3.80683
2 124 2.33791
2 125 2.26018
2 126 3.84881
2 127 4.10146
2 128 4.22249
2 129 2.53543
2 130 2.42892
2 131 3.94808
2 132 2.59698
2 133 2.39907
2 134 1.87473
2 135 2.51556
2 136 3.66854
2 137 4.5823
2 138 3.46101
2 139 2.80768
2 140 1.7707
2 141 3.77728
2 142 2.71814
2 143 2.98103
2 144 1.92603
2 145 3.21361
2 146 4.07012
2 147 4.26528
2 148 2.53429
2 149 3.21639
2 150 1.637
2 151 3.12373
2 152 3.55
2 153 3.6325
2 154 2.7338
2 155 3.15051
2 156 2.86458
2 157 3.06223
2 158 2.22539
2 159 3.7512
2 160 2.97433
2 161 1.87977
2 162 2.57218
2 163 4.22299
2 164 2.75058
2 165 2.15516
2 166 3.54232
2 167 3.00828
2 168 1.4983
2 169 3.56772
2 170 3.34271
2 171 3.52294
2 172 2.10251
2 173 3.21765
2 174 3.12381
2 175 1.92692
2 176 2.74422
2 177 4.01208
2 178 2.42363
2 179 1.83076
2 180 3.43788
2 181 1.63723
2 182 4.33252
2 183 3.33447
2 184 3.32647
2 185 2.62698
2 186 2.67289
2 187 2.80661
2 188 2.14461
2 189 4.07877
2 190 1.41082
2 191 3.96794
2 192 3.56585
2 193 3.29886
2 194 2.9778
2 195 2.76121
2 196 1.86289
2 197 2.53865
2 198 1.86312
2 199 3.11015
2 200 2.68164
2 201 3.92562
2 202 3.15224
2 203 3.94459
2 204 3.20747
2 205 3.5066
2 206 1.8722
2 207 3.58003
2 208 2.68675
2 209 3.80587
2 210 3.47927
2 211 3.03698
2 212 2.3002
2 213 3.29063
2 214 2.24037
2 215 4.35087
2 216 3.72772
2 217 3.54933
2 218 4.35198
2 219 3.74143
2 220 4.33221
2 221 3.6169
2 222 2.91201
2 223 1.8753
2 224 3.88895
2 225 3.50644
2 226 1.49298
2 227 1.90933
2 228 3.72761
2 229 4.29858
2 230 2.47959
2 231 3.07022
2 232 2.0832
2 233 2.30492
2 234 3.01373
2 235 1.83878
2 236 2.63667
2 237 3.33573
2 238 1.6643
2 239 2.13461
2 240 3.07047
2 241 1.93617
2 242 3.60013
2 243 3.11077
2 244 3.80502
2 245 2.8617
2 246 1.32862
2 247 3.75483
2 248 1.85812
2 249 3.67341
2 250 4.84254
2 251 2.74764
2 252 4.00983
2 253 3.16108
2 254 3.29587
2 255 1.83845
2 256 2.09345
2 257 2.36846
2 258 3.22231
2 259 3.88222
2 260 2.37036
2 261 2.41983
2 262 3.78812
2 263 4.04345
2 264 3.20354
2 265 2.3083
2 266 1.41201
2 267 2.49996
2 268 2.29204
2 269 1.81194
2 270 3.87283
2 271 2.18137
2 272 2.68669
2 273 2.54984
2 274 4.04458
2 275 2.06742
2 276 3.66513
2 277 2.00631
2 278 2.68769
2 279 2.57699
2 280 3.35928
2 281 2.2444
2 282 1.70048
2 283 2.33478
2 284 2.65135
2 285 3.73688
2 286 2.97376
2 287 2.04622
2 288 3.33195
2 289 3.24459
2 290 3.95082
2 291 3.60797
2 292 2.73704
2 293 2.40364
2 294 3.17123
2 295 3.35528
2 296 2.60069
2 297 2.29352
2 298 3.91543
2 299 3.95477
2 300 4.20824
2 301 2.45434
2 302 3.16998
2 303 2.00655
2 304 3.35742
2 305 3.12396
2 306 4.06183
2 307 2.15824
2 308 4.31081
2 309 1.575
2 310 1.99962
2 311 4.23727
2 312 3.5303
2 313 3.41993
2 314 2.57867
2 315 2.70502
2 316 3.82797
2 317 3.0226
2 318 3.35837
2 319 4.12457
2 320 2.5677
2 321 2.59307
2 322 1.97027
2 323 2.98533
2 324 2.32016
2 325 3.66614
2 326 3.06137
2 327 2.91323
2 328 2.54495
2 329 2.44483
2 330 1.98454
2 331 4.46251
2 332 4.46249
2 333 1.32757
2 334 3.47059
2 335 2.00818
2 336 1.78914
2 337 3.02513
2 338 2.46729
2 339 4.32255
2 340 2.09627
2 341 2.15928
2 342 1.47555
2 343 1.99927
2 344 3.39921
2 345 1.77383
2 346 2.84407
2 347 2.49249
2 348 2.76909
2 349 3.32073
2 350 1.94641
2 351 2.49256
2 352 2.56787
2 353 1.41275
2 354 3.50337
2 355 3.08628
2 356 3.19629
2 357 2.76865
2 358 3.75593
2 359 3.29574
2 360 2.37131
2 361 2.75606
2 362 2.04725
2 363 2.57131
2 364 3.23676
2 365 2.65602
2 366 4.65729
2 367 3.58244
2 368 2.56547
2 369 4.32239
2 370 2.49232
2 371 3.84493
2 372 4.08732
2 373 3.34683
2 374 2.70268
2 375 2.1094
2 376 2.60332
2 377 2.15757
2 378 4.78176
2 379 3.331
2 380 2.80139
2 381 3.44506
2 382 4.57163
2 383 3.52009
2 384 4.35969
2 385 2.18301
2 386 2.11893
2 387 3.65578
2 388 3.39346
2 389 3.84222
2 390 4.1007
2 391 2.31826
2 392 2.70182
2 393 4.1872
2 394 2.04529
2 395 2.95099
2 396 2.79136
2 397 2.80191
2 398 3.65529
2 399 3.22007
2 400 3.68001
2 401 3.82816
2 402 3.25895
2 403 3.46871
2 404 3.85286
2 405 2.99893
2 406 3.34497
2 407 2.82737
2 408 3.46857
2 409 4.38526
2 410 3.65583
2 411 3.54307
2 412 3.23385
2 413 2.29361
2 414 2.99952
2 415 3.07313
2 416 2.36842
2 417 2.81339
2 418 2.56737
2 419 3.13408
2 420 2.4669
2 421 1.98324
2 422 2.25533
2 423 2.62711
2 424 3.7545
2 425 2.10762
2 426 1.98451
2 427 3.71731
2 428 3.01255
2 429 2.67902
2 430 2.57919
2 431 1.68559
2 432 2.54208
2 433 2.62588
2 434 2.54209
2 435 2.62801
2 436 2.73968
2 437 1.41324
2 438 2.406
2 439 4.00261
2 440 1.66249
2 441 2.54045
2 442 1.6621
2 443 2.08222
2 444 3.86546
2 445 3.40685
2 446 1.98352
2 447 2.7766
2 448 3.68104
2 449 4.1509
2 450 2.2193
2 451 3.14984
2 452 3.2591
2 453 1.21617
2 454 3.18585
2 455 2.78764
2 456 2.60365
2 457 3.8548
2 458 3.55694
2 459 2.88606
2 460 2.62676
2 461 4.54734
2 462 2.13335
2 463 4.18882
2 464 3.22241
2 465 1.98558
2 466 2.0825
2 467 3.46952
2 468 1.95994
2 469 4.21275
2 470 3.37111
2 471 2.20671
2 472 3.94001
2 473 4.06553
2 474 1.68737
2 475 2.71496
2 476 3.26084
2 477 2.15689
2 478 1.69893
2 479 3.18488
2 480 2.93711
2 481 2.35521
2 482 3.80417
2 483 4.32445
2 484 3.79377
2 485 2.78835
2 486 1.77305
2 487 3.68061
2 488 3.19776
2 489 3.69396
2 490 1.53761
3 0 2.99956
3 1 3.92237
3 2 4.20829
3 3 3.24512
3 4 4.53484
3 5 2.92445
3 6 3.13735
3 7 2.28301
3 8 2.42105
3 9 3.43753
3 10 2.68813
3 11 3.94229
3 12 3.72559
3 13 3.35676
3 14 4.61635
3 15 3.24177
3 16 3.33548
3 17 2.77637
3 18 3.41638
3 19 4.51405
3 20 3.68315
3 21 3.24309
3 22 1.84769
3 23 3.98061
3 24 1.54794
3 25 2.79293
3 26 2.99095
3 27 2.25954
3 28 3.38093
3 29 2.42648
3 30 3.93541
3 31 2.53138
3 32 2.61272
3 33 5
3 34 2.69097
3 35 3.62691
3 36 2.48103
3 37 2.25969
3 38 3.78578
3 39 2.36423
3 40 3.00657
3 41 3.19307
3 42 3.24366
3 43 3.27689
3 44 3.63074
3 45 2.2851
3 46 3.56432
3 47 3.0716
3 48 3.17372
3 49 3.55077
3 50 4.53653
3 51 2.29538
3 52 3.00471
3 53 3.83362
3 54 4.20014
3 55 2.9885
3 56 3.97901
3 57 1.82401
3 58 3.93874
3 59 2.52669
3 60 4.24811
3 61 2.39169
3 62 2.09836
3 63 1.76766
3 64 3.02415
3 65 3.16957
3 66 1.91861
3 67 3.74006
3 68 2.1608
3 69 4.43145
3 70 3.28859
3 71 3.1109
3 72 4.15513
3 73 3.488
3 74 4.35412
3 75 2.99327
3 76 2.32951
3 77 3.36778
3 78 3.46111
3 79 2.61972
3 80 2.64236
3 81 3.47434
3 82 3.37165
3 83 3.1755
3 84 3.47133
3 85 1.69756
3 86 2.88377
3 87 3.86003
3 88 3.96934
3 89 3.68693
3 90 3.55156
3 91 3.70573
3 92 3.81962
3 93 1.57222
3 94 4.01775
3 95 1.77525
3 96 3.83462
3 97 4.31641
3 98 4.43227
3 99 2.8549
3 100 3.78642
3 101 2.46942
3 102 2.75524
3 103 3.4743
3 104 3.55541
3 105 2.80405
3 106 3.5579
3 107 2.0774
3 108 2.97937
3 109 2.30178
3 110 2.5889
3 111 2.25319
3 112 2.33388
3 113 2.50858
3 114 3.81867
3 115 3.28932
3 116 2.25327
3 117 3.79752
3 118 3.16991
3 119 3.39412
3 120 3.32802
3 121 3.55669
3 122 1.76556
3 123 4.06438
3 124 3.29052
3 125 1.7296
3 126 3.6807
3 127 3.48399
3 128 4.66304
3 129 3.03489
3 130 2.76193
3 131 4.01431
3 132 2.37666
3 133 2.63217
3 134 2.41409
3 135 2.42237
3 136 3.65951
3 137 4.08374
3 138 3.47592
3 139 2.79453
3 140 1.61337
3 141 4.16578
3 142 3.55616
3 143 2.8767
3 144 1.97211
3 145 2.72288
3 146 4.53867
3 147 4.049
3 148 3.03413
3 149 2.95682
3 150 2.10047
3 151 3.48436
3 152 3.36967
3 153 3.32475
3 154 3.04617
3 155 3.38011
3 156 3.74281
3 157 3.4869
3 158 2.28377
3 159 3.34836
3 160 3.5941
3 161 1.46382
3 162 3.37081
3 163 4.66381
3 164 2.50215
3 165 2.11376
3 166 4.08633
3 167 3.69551
3 168 1.19748
3 169 3.09236
3 170 3.18614
3 171 3.47362
3 172 3.21204
3 173 2.95745
3 174 3.48476
3 175 1.97305
3 176 2.56325
3 177 4.2458
3 178 2.29421
3 179 2.79713
3 180 3.2845
3 181 2.10119
3 182 4.51472
3 183 3.01405
3 184 3.73211
3 185 2.27385
3 186 3.05035
3 187 2.56204
3 188 2.59783
3 189 4.48033
3 190 1.30489
3 191 3.74003
3 192 4.04681
3 193 2.68012
3 194 3.29872
3 195 2.94136
3 196 1.74305
3 197 2.38326
3 198 1.74327
3 199 3.11016
3 200 2.33282
3 201 4.35368
3 202 2.49349
3 203 4.07675
3 204 3.44027
3 205 3.75215
3 206 2.18014
3 207 3.26973
3 208 2.57096
3 209 4.06419
3 210 3.85485
3 211 3.5937
3 212 2.95678
3 213 3.39534
3 214 2.07193
3 215 4.00472
3 216 3.45709
3 217 3.13605
3 218 4.00562
3 219 3.83197
3 220 4.28206
3 221 3.60447
3 222 3.36463
3 223 2.41639
3 224 4.01921
3 225 3.75208
3 226 2.14953
3 227 2.51523
3 228 3.457
3 229 4.18352
3 230 2.08925
3 231 2.53914
3 232 2.59914
3 233 2.00385
3 234 3.63301
3 235 2.082
3 236 2.71396
3 237 3.90468
3 238 1.99771
3 239 2.15756
3 240 2.5392
3 241 2.41238
3 242 2.99313
3 243 3.11064
3 244 4.06304
3 245 3.50821
3 246 1.3512
3 247 4.50659
3 248 1.80499
3 249 3.66256
3 250 5
3 251 2.56655
3 252 4.30993
3 253 3.82051
3 254 3.63362
3 255 2.07966
3 256 1.88496
3 257 2.23602
3 258 2.96354
3 259 3.84621
3 260 2.53773
3 261 3.24709
3 262 3.45199
3 263 3.25539
3 264 3.20337
3 265 3.39447
3 266 1.30577
3 267 2.96614
3 268 2.78341
3 269 2.18541
3 270 3.40808
3 271 2.93158
3 272 2.2702
3 273 2.52239
3 274 3.25595
3 275 1.98896
3 276 3.22528
3 277 1.69275
3 278 2.271
3 279 2.41895
3 280 3.86579
3 281 3.16317
3 282 2.33303
3 283 3.29154
3 284 3.09083
3 285 3.66097
3 286 3.3626
3 287 2.26441
3 288 3.73771
3 289 2.62121
3 290 4.01597
3 291 4.32105
3 292 3.04836
3 293 2.63678
3 294 3.10559
3 295 3.39523
3 296 2.37923
3 297 2.78562
3 298 3.91496
3 299 4.25297
3 300 3.82101
3 301 2.42624
3 302 3.17177
3 303 1.69235
3 304 3.63079
3 305 3.4855
3 306 3.86799
3 307 2.04998
3 308 4.62436
3 309 1.87266
3 310 2.64544
3 311 3.95165
3 312 3.4804
3 313 3.62995
3 314 2.42058
3 315 2.88302
3 316 3.55789
3 317 2.98465
3 318 3.63246
3 319 3.93455
3 320 3.20548
3 321 3.33133
3 322 1.35574
3 323 2.6474
3 324 2.91467
3 325 2.99175
3 326 3.32356
3 327 3.13519
3 328 3.47917
3 329 3.14337
3 330 2.26707
3 331 4.74884
3 332 4.74882
3 333 1.34934
3 334 3.41659
3 335 1.69339
3 336 2.45975
3 337 2.91876
3 338 2.63683
3 339 3.67568
3 340 1.8178
3 341 2.04909
3 342 1.53764
3 343 2.64571
3 344 3.9053
3 345 1.61506
3 346 3.79084
3 347 2.53014
3 348 3.11551
3 349 3.52774
3 350 1.69606
3 351 2.76318
3 352 3.20603
3 353 1.3064
3 354 2.42375
3 355 3.44951
3 356 3.06636
3 357 3.11521
3 358 3.3498
3 359 3.40163
3 360 2.46975
3 361 3.89999
3 362 2.26552
3 363 3.37477
3 364 3.33896
3 365 3.33115
3 366 4.32213
3 367 3.26795
3 368 2.04225
3 369 3.67436
3 370 2.52998
3 371 4.40408
3 372 3.59545
3 373 2.95551
3 374 2.94904
3 375 2.26327
3 376 2.61369
3 377 2.11555
3 378 4.78319
3 379 2.57674
3 380 3.28185
3 381 3.5224
3 382 4.59838
3 383 4.43142
3 384 4.01052
3 385 1.77581
3 386 1.54371
3 387 3.70762
3 388 2.80782
3 389 4.40098
3 390 4.43997
3 391 2.91523
3 392 2.7135
3 393 4.16316
3 394 2.49883
3 395 3.63867
3 396 3.07472
3 397 3.28242
3 398 3.94174
3 399 2.72497
3 400 3.60086
3 401 3.78925
3 402 3.23071
3 403 3.24803
3 404 3.68307
3 405 3.25794
3 406 3.18793
3 407 3.17788
3 408 3.48262
3 409 3.90477
3 410 3.70753
3 411 2.76252
3 412 3.40416
3 413 2.78702
3 414 3.02381
3 415 2.5376
3 416 3.62935
3 417 2.56504
3 418 2.04339
3 419 3.0023
3 420 2.80206
3 421 2.03306
3 422 2.68371
3 423 2.27323
3 424 3.34981
3 425 2.26096
3 426 2.20141
3 427 4.17302
3 428 3.63529
3 429 3.22341
3 430 2.41962
3 431 1.72267
3 432 3.4779
3 433 2.33923
3 434 2.31705
3 435 2.27385
3 436 1.89048
3 437 1.30652
3 438 2.57217
3 439 3.63773
3 440 1.99784
3 441 2.38283
3 442 2.23236
3 443 2.60164
3 444 4.12667
3 445 3.25124
3 446 2.03332
3 447 2.22761
3 448 3.83657
3 449 3.82597
3 450 2.11255
3 451 3.3813
3 452 3.29815
3 453 1.73378
3 454 3.7182
3 455 2.90483
3 456 2.61532
3 457 3.68453
3 458 3.37387
3 459 3.23815
3 460 3.43409
3 461 4.70482
3 462 2.15553
3 463 4.33162
3 464 4.05527
3 465 2.20285
3 466 2.60209
3 467 3.48297
3 468 2.30837
3 469 4.05691
3 470 4.24418
3 471 2.83027
3 472 3.40521
3 473 3.86961
3 474 1.89205
3 475 3.56091
3 476 3.23248
3 477 1.88056
3 478 2.33533
3 479 3.78495
3 480 2.79183
3 481 2.78388
3 482 4.13104
3 483 3.67262
3 484 3.4534
3 485 2.90558
3 486 1.84842
3 487 3.66843
3 488 2.99982
3 489 3.1187
3 490 1.53449
