47 163 4
47 66 1
47 287 5
47 267 2
47 303 4
47 402 2
47 421 1
47 268 1
47 339 2
47 385 3
47 39 2
47 54 5
47 248 2
47 118 3
47 294 4
47 207 4
47 157 4
47 239 1
47 334 4
47 220 5
47 1 4
47 143 1
47 244 3
47 419 5
47 318 1
47 346 2
47 335 1
47 189 2
47 452 5
47 277 4
47 447 4
47 204 4
47 345 4
47 411 5
47 319 3
47 249 4
47 171 1
47 200 2
47 18 3
47 486 2
47 448 2
47 129 2
47 121 1
47 33 3
47 265 4
47 147 5
47 172 4
47 327 5
47 464 4
47 184 4
47 259 4
47 480 1
47 230 5
47 266 5
47 228 3
47 364 4
47 340 4
47 44 3
47 250 5
47 403 2
47 74 5
47 465 5
47 164 2
47 406 3
47 444 3
47 475 2
47 438 1
47 94 5
47 258 1
47 199 4
47 213 2
47 29 5
47 466 2
47 206 2
47 456 5
47 161 2
47 108 3
47 368 5
47 490 2
47 396 5
47 67 1
47 151 5
47 148 3
47 141 4
47 488 1
47 347 2
47 117 4
47 260 5
47 301 2
47 282 5
47 131 4
47 400 3
47 128 1
47 59 1
47 106 4
47 32 1
47 469 5
47 295 5
47 102 4
47 75 4
47 19 3
47 238 4
47 454 2
47 84 5
47 173 5
47 369 4
47 34 3
47 181 3
47 370 2
47 10 3
47 175 4
47 174 1
47 180 1
47 12 4
47 16 4
47 132 5
47 407 1
47 214 5
47 387 2
47 115 2
47 437 5
47 487 5
47 328 2
47 391 5
47 95 5
47 103 1
47 361 4
47 122 2
47 388 5
47 342 5
47 212 5
47 208 3
47 445 2
47 123 2
47 85 4
47 191 3
47 286 2
47 82 1
47 350 3
47 477 3
47 107 1
47 397 4
47 355 5
47 52 4
47 92 4
47 209 2
47 336 4
47 242 2
47 130 5
47 269 4
47 322 2
47 195 4
47 76 3
47 443 2
47 35 1
47 169 5
47 371 5
47 372 5
47 298 5
47 124 5
47 210 5
47 236 1
47 379 5
47 356 5
47 470 3
47 192 3
47 422 4
47 463 3
47 316 1
47 68 1
47 53 4
47 215 2
47 432 5
47 357 4
47 27 4
47 186 4
47 280 2
47 270 4
47 360 1
47 221 5
47 2 1
47 283 2
47 329 5
47 45 1
47 362 2
47 216 3
47 358 2
47 138 1
47 28 2
47 430 5
47 234 1
47 133 1
47 237 4
47 245 1
47 386 4
47 70 2
47 420 3
47 36 3
47 323 3
47 69 4
47 119 1
47 179 4
47 196 1
47 46 2
47 395 3
47 159 4
47 176 2
47 152 4
47 116 3
47 479 5
47 197 3
47 382 4
47 113 5
47 83 2
47 9 2
47 439 1
47 381 4
47 91 1
47 330 1
47 168 4
47 440 3
47 317 4
47 47 4
47 251 4
47 292 4
47 77 4
47 246 4
47 261 2
47 126 4
47 3 5
47 284 3
47 383 2
47 86 3
47 401 2
47 489 4
47 225 4
47 4 2
47 426 5
47 217 3
47 55 3
47 142 2
47 187 3
47 423 2
47 235 4
47 104 5
47 427 3
47 134 2
47 145 5
47 56 2
47 23 2
47 241 5
47 455 2
47 453 3
47 271 4
47 87 4
47 135 4
47 62 2
47 252 3
47 471 4
47 314 1
47 211 4
47 160 4
47 384 3
47 412 1
47 136 1
47 185 4
47 153 1
47 243 1
47 57 2
47 158 3
47 344 2
47 48 2
47 311 2
47 413 1
47 290 1
47 324 1
47 348 3
47 472 1
47 61 2
47 223 2
47 291 5
47 272 3
47 281 3
47 11 5
47 449 2
47 42 1
47 435 3
47 222 3
47 312 2
47 392 3
47 247 3
47 433 5
47 275 1
47 310 2
47 201 3
47 476 1
47 24 2
47 105 2
47 137 5
47 58 5
47 331 1
47 398 4
47 473 2
47 288 1
47 5 3
47 359 4
47 202 3
47 205 4
47 373 4
47 414 1
47 125 4
47 365 4
47 461 2
47 253 2
47 297 2
47 149 4
47 305 1
47 278 2
47 304 3
47 43 1
47 71 2
47 450 5
47 341 1
47 302 2
47 351 5
47 315 1
47 254 2
47 194 2
47 6 4
47 226 5
47 293 4
47 188 5
47 156 5
47 193 2
47 40 4
47 485 1
47 352 5
47 31 3
47 96 1
47 478 1
47 64 3
47 170 4
47 409 2
47 101 4
47 150 4
47 177 1
47 273 5
47 20 2
47 154 5
47 428 5
47 262 2
47 49 4
47 146 2
47 431 1
47 481 1
47 14 5
47 484 3
47 374 5
47 375 5
47 441 2
47 198 5
47 467 5
47 299 3
47 457 5
47 337 4
47 306 4
47 399 2
47 366 4
47 110 2
47 279 1
47 276 2
47 166 5
47 296 1
47 88 2
47 8 3
47 274 2
47 394 4
47 390 3
47 309 4
47 37 2
47 120 2
47 468 3
47 114 5
47 7 5
47 354 1
47 353 2
47 15 1
47 79 2
47 263 3
47 165 5
47 127 5
47 338 5
47 404 1
47 190 2
47 155 5
47 99 5
47 325 5
47 405 2
47 300 4
47 38 2
47 483 3
47 442 3
47 376 5
47 231 1
47 389 4
47 380 4
47 482 4
47 203 3
47 80 3
47 415 2
47 218 2
47 255 1
47 98 3
47 367 2
47 51 2
47 307 2
47 256 5
47 308 1
47 78 2
47 313 5
47 343 4
47 285 2
47 50 4
47 109 3
47 410 5
47 458 2
47 332 5
47 65 5
47 474 4
47 408 5
47 333 2
47 144 1
47 60 4
47 320 2
47 232 4
47 72 3
47 416 1
47 139 1
47 167 3
47 429 2
47 289 3
47 162 3
47 25 5
47 22 3
47 227 3
47 63 2
47 26 2
47 81 1
47 446 5
47 240 2
47 97 2
47 219 5
47 17 4
47 377 4
47 229 5
47 30 2
47 21 4
47 13 4
47 178 3
47 491 1
47 460 3
47 378 4
47 363 3
47 111 5
47 424 5
47 417 5
47 183 3
47 100 3
47 393 4
47 264 3
47 349 5
47 89 3
47 112 1
47 73 3
47 451 4
47 459 5
47 90 5
47 425 1
47 321 3
47 41 4
47 418 1
47 434 1
47 140 4
47 93 1
47 436 3
47 257 2
47 224 3
47 326 2
47 233 4
47 462 4
47 182 1
46 163 5
46 66 3
46 287 5
46 267 2
46 303 2
46 402 1
46 421 5
46 268 1
46 339 5
46 385 3
46 39 5
46 54 5
46 248 1
46 118 2
46 294 3
46 207 1
46 157 4
46 239 2
46 334 5
46 220 4
46 1 5
46 143 3
46 244 2
46 419 4
46 318 4
46 346 3
46 335 5
46 189 3
46 452 5
46 277 3
46 447 3
46 204 1
46 345 2
46 411 5
46 319 4
46 249 1
46 171 2
46 200 3
46 18 4
46 486 1
46 448 2
46 129 1
46 121 3
46 33 1
46 265 4
46 147 5
46 172 5
46 327 3
46 464 2
46 184 3
46 259 2
46 480 3
46 230 4
46 266 4
46 228 4
46 364 3
46 340 5
46 44 5
46 250 2
46 403 3
46 74 4
46 465 3
46 164 1
46 406 1
46 444 3
46 475 4
46 438 2
46 94 1
46 258 5
46 199 4
46 213 4
46 29 2
46 466 3
46 206 5
46 456 2
46 161 4
46 108 1
46 368 3
46 490 1
46 396 4
46 67 4
46 151 1
46 148 4
46 141 2
46 488 4
46 347 3
46 117 5
46 260 1
46 301 4
46 282 4
46 131 3
46 400 3
46 128 5
46 59 1
46 106 4
46 32 5
46 469 4
46 295 3
46 102 4
46 75 5
46 19 4
46 238 5
46 454 4
46 84 1
46 173 2
46 369 4
46 34 3
46 181 3
46 370 2
46 10 1
46 175 5
46 174 1
46 180 2
46 12 4
46 16 3
46 132 2
46 407 1
46 214 5
46 387 4
46 115 2
46 437 1
46 487 2
46 328 2
46 391 5
46 95 2
46 103 3
46 361 5
46 122 5
46 388 4
46 342 4
46 212 1
46 208 5
46 445 3
46 123 1
46 85 1
46 191 4
46 286 2
46 82 5
46 350 2
46 477 2
46 107 3
46 397 4
46 355 2
46 52 2
46 92 4
46 209 4
46 336 2
46 242 5
46 130 4
46 269 3
46 322 1
46 195 4
46 76 4
46 443 3
46 35 2
46 169 5
46 371 1
46 372 3
46 298 5
46 124 5
46 210 1
46 236 3
46 379 3
46 356 4
46 470 5
46 192 2
46 422 3
46 463 1
46 316 3
46 68 3
46 53 4
46 215 3
46 432 1
46 357 3
46 27 4
46 186 4
46 280 2
46 270 5
46 360 3
46 221 1
46 2 5
46 283 1
46 329 4
46 45 2
46 362 1
46 216 4
46 358 1
46 138 3
46 28 2
46 430 5
46 234 1
46 133 4
46 237 1
46 245 3
46 386 5
46 70 3
46 420 4
46 36 2
46 323 4
46 69 3
46 119 2
46 179 3
46 196 4
46 46 2
46 395 3
46 159 4
46 176 2
46 152 5
46 116 1
46 479 5
46 197 3
46 382 2
46 113 3
46 83 2
46 9 1
46 439 4
46 381 4
46 91 5
46 330 4
46 168 5
46 440 5
46 317 4
46 47 1
46 251 1
46 292 4
46 77 4
46 246 1
46 261 1
46 126 4
46 3 5
46 284 5
46 383 5
46 86 1
46 401 5
46 489 4
46 225 2
46 4 2
46 426 3
46 217 2
46 55 4
46 142 5
46 187 2
46 423 4
46 235 3
46 104 5
46 427 2
46 134 2
46 145 2
46 56 1
46 23 2
46 241 5
46 455 2
46 453 2
46 271 3
46 87 1
46 135 2
46 62 2
46 252 5
46 471 3
46 314 2
46 211 1
46 160 1
46 384 5
46 412 5
46 136 4
46 185 1
46 153 1
46 243 1
46 57 1
46 158 1
46 344 4
46 48 1
46 311 5
46 413 4
46 290 5
46 324 1
46 348 4
46 472 4
46 61 5
46 223 5
46 291 1
46 272 1
46 281 1
46 11 2
46 449 3
46 42 3
46 435 2
46 222 2
46 312 1
46 392 5
46 247 5
46 433 3
46 275 2
46 310 1
46 201 4
46 476 3
46 24 3
46 105 1
46 137 5
46 58 4
46 331 5
46 398 3
46 473 1
46 288 4
46 5 2
46 359 4
46 202 5
46 205 5
46 373 3
46 414 1
46 125 2
46 365 5
46 461 3
46 253 3
46 297 5
46 149 5
46 305 5
46 278 2
46 304 2
46 43 3
46 71 1
46 450 1
46 341 5
46 302 3
46 351 1
46 315 5
46 254 1
46 194 2
46 6 2
46 226 2
46 293 1
46 188 5
46 156 5
46 193 2
46 40 5
46 485 4
46 352 2
46 31 5
46 96 2
46 478 5
46 64 5
46 170 5
46 409 1
46 101 2
46 150 4
46 177 3
46 273 3
46 20 3
46 154 5
46 428 2
46 262 3
46 49 2
46 146 1
46 431 1
46 481 5
46 14 1
46 484 2
46 374 5
46 375 5
46 441 2
46 198 4
46 467 1
46 299 2
46 457 3
46 337 4
46 306 2
46 399 5
46 366 5
46 110 4
46 279 5
46 276 3
46 166 4
46 296 4
46 88 5
46 8 2
46 274 3
46 394 2
46 390 2
46 309 5
46 37 4
46 120 2
46 468 4
46 114 5
46 7 1
46 354 4
46 353 4
46 15 4
46 79 4
46 263 4
46 165 4
46 127 3
46 338 1
46 404 3
46 190 3
46 155 1
46 99 3
46 325 3
46 405 2
46 300 3
46 38 4
46 483 5
46 442 4
46 376 5
46 231 3
46 389 5
46 380 3
46 482 4
46 203 3
46 80 2
46 415 5
46 218 4
46 255 4
46 98 1
46 367 1
46 51 4
46 307 5
46 256 1
46 308 3
46 78 4
46 313 4
46 343 4
46 285 2
46 50 1
46 109 4
46 410 5
46 458 3
46 332 4
46 65 3
46 474 4
46 408 3
46 333 5
46 144 1
46 60 2
46 320 1
46 232 5
46 72 4
46 416 5
46 139 1
46 167 4
46 429 5
46 289 2
46 162 2
46 25 1
46 22 1
46 227 3
46 63 2
46 26 2
46 81 4
46 446 4
46 240 4
46 97 3
46 219 5
46 17 2
46 377 1
46 229 4
46 30 1
46 21 2
46 13 5
46 178 4
46 491 1
46 460 1
46 378 4
46 363 4
46 111 5
46 424 3
46 417 4
46 183 1
46 100 2
46 393 3
46 264 4
46 349 2
46 89 2
46 112 5
46 73 5
46 451 3
46 459 2
46 90 5
46 425 3
46 321 1
46 41 1
46 418 4
46 434 2
46 140 2
46 93 5
46 436 5
46 257 1
46 224 2
46 326 2
46 233 5
46 462 5
46 182 2
48 163 3
48 66 5
48 287 2
48 267 5
48 303 5
48 402 1
48 421 3
48 268 1
48 339 1
48 385 3
48 39 2
48 54 1
48 248 4
48 118 3
48 294 5
48 207 2
48 157 3
48 239 1
48 334 3
48 220 5
48 1 4
48 143 4
48 244 2
48 419 3
48 318 2
48 346 3
48 335 4
48 189 1
48 452 2
48 277 3
48 447 4
48 204 4
48 345 4
48 411 5
48 319 3
48 249 5
48 171 3
48 200 1
48 18 4
48 486 2
48 448 1
48 129 2
48 121 4
48 33 3
48 265 1
48 147 1
48 172 2
48 327 3
48 464 3
48 184 1
48 259 5
48 480 2
48 230 4
48 266 4
48 228 4
48 364 2
48 340 2
48 44 1
48 250 5
48 403 2
48 74 4
48 465 2
48 164 1
48 406 2
48 444 3
48 475 1
48 438 4
48 94 3
48 258 4
48 199 4
48 213 3
48 29 5
48 466 5
48 206 5
48 456 5
48 161 5
48 108 1
48 368 1
48 490 3
48 396 1
48 67 3
48 151 2
48 148 4
48 141 3
48 488 3
48 347 2
48 117 1
48 260 5
48 301 4
48 282 5
48 131 1
48 400 4
48 128 4
48 59 3
48 106 4
48 32 1
48 469 4
48 295 3
48 102 4
48 75 4
48 19 4
48 238 1
48 454 1
48 84 2
48 173 2
48 369 1
48 34 5
48 181 1
48 370 4
48 10 4
48 175 3
48 174 4
48 180 4
48 12 3
48 16 2
48 132 1
48 407 4
48 214 2
48 387 1
48 115 4
48 437 3
48 487 2
48 328 1
48 391 3
48 95 1
48 103 3
48 361 4
48 122 5
48 388 4
48 342 1
48 212 4
48 208 3
48 445 3
48 123 3
48 85 2
48 191 2
48 286 5
48 82 5
48 350 5
48 477 4
48 107 1
48 397 3
48 355 2
48 52 5
48 92 1
48 209 4
48 336 5
48 242 4
48 130 1
48 269 5
48 322 1
48 195 2
48 76 4
48 443 5
48 35 2
48 169 2
48 371 3
48 372 3
48 298 1
48 124 5
48 210 4
48 236 2
48 379 1
48 356 4
48 470 2
48 192 3
48 422 3
48 463 3
48 316 1
48 68 5
48 53 4
48 215 4
48 432 1
48 357 5
48 27 2
48 186 1
48 280 4
48 270 3
48 360 2
48 221 1
48 2 2
48 283 1
48 329 5
48 45 5
48 362 4
48 216 3
48 358 3
48 138 3
48 28 1
48 430 3
48 234 2
48 133 4
48 237 5
48 245 5
48 386 1
48 70 2
48 420 1
48 36 4
48 323 1
48 69 4
48 119 4
48 179 4
48 196 4
48 46 5
48 395 3
48 159 3
48 176 1
48 152 4
48 116 5
48 479 3
48 197 3
48 382 3
48 113 1
48 83 4
48 9 4
48 439 5
48 381 5
48 91 3
48 330 5
48 168 3
48 440 4
48 317 4
48 47 4
48 251 2
48 292 4
48 77 3
48 246 1
48 261 1
48 126 5
48 3 5
48 284 2
48 383 3
48 86 2
48 401 1
48 489 1
48 225 2
48 4 3
48 426 3
48 217 1
48 55 1
48 142 3
48 187 1
48 423 5
48 235 4
48 104 3
48 427 2
48 134 1
48 145 4
48 56 3
48 23 5
48 241 5
48 455 4
48 453 5
48 271 2
48 87 5
48 135 2
48 62 3
48 252 1
48 471 5
48 314 5
48 211 4
48 160 2
48 384 4
48 412 5
48 136 2
48 185 1
48 153 2
48 243 2
48 57 2
48 158 2
48 344 5
48 48 1
48 311 2
48 413 1
48 290 5
48 324 3
48 348 5
48 472 1
48 61 2
48 223 1
48 291 5
48 272 1
48 281 1
48 11 1
48 449 1
48 42 4
48 435 3
48 222 2
48 312 4
48 392 4
48 247 3
48 433 3
48 275 2
48 310 3
48 201 3
48 476 3
48 24 3
48 105 2
48 137 4
48 58 4
48 331 4
48 398 3
48 473 5
48 288 1
48 5 4
48 359 2
48 202 4
48 205 1
48 373 5
48 414 1
48 125 1
48 365 5
48 461 4
48 253 3
48 297 1
48 149 1
48 305 3
48 278 4
48 304 4
48 43 5
48 71 2
48 450 3
48 341 1
48 302 4
48 351 3
48 315 4
48 254 4
48 194 3
48 6 1
48 226 2
48 293 3
48 188 4
48 156 4
48 193 1
48 40 3
48 485 1
48 352 1
48 31 2
48 96 2
48 478 5
48 64 1
48 170 1
48 409 2
48 101 1
48 150 2
48 177 1
48 273 1
48 20 2
48 154 1
48 428 5
48 262 2
48 49 3
48 146 2
48 431 2
48 481 5
48 14 5
48 484 5
48 374 1
48 375 5
48 441 4
48 198 2
48 467 2
48 299 2
48 457 1
48 337 3
48 306 2
48 399 5
48 366 4
48 110 3
48 279 5
48 276 2
48 166 3
48 296 5
48 88 3
48 8 3
48 274 1
48 394 4
48 390 3
48 309 5
48 37 5
48 120 2
48 468 3
48 114 5
48 7 4
48 354 5
48 353 2
48 15 2
48 79 3
48 263 5
48 165 3
48 127 5
48 338 3
48 404 2
48 190 5
48 155 3
48 99 2
48 325 3
48 405 2
48 300 4
48 38 4
48 483 3
48 442 4
48 376 3
48 231 4
48 389 4
48 380 3
48 482 4
48 203 2
48 80 5
48 415 5
48 218 3
48 255 5
48 98 5
48 367 2
48 51 2
48 307 3
48 256 1
48 308 3
48 78 3
48 313 4
48 343 1
48 285 2
48 50 3
48 109 3
48 410 5
48 458 1
48 332 1
48 65 4
48 474 1
48 408 2
48 333 1
48 144 2
48 60 1
48 320 5
48 232 2
48 72 3
48 416 3
48 139 2
48 167 1
48 429 4
48 289 1
48 162 4
48 25 2
48 22 2
48 227 4
48 63 5
48 26 2
48 81 3
48 446 4
48 240 5
48 97 2
48 219 2
48 17 5
48 377 1
48 229 2
48 30 4
48 21 4
48 13 4
48 178 4
48 491 3
48 460 2
48 378 5
48 363 1
48 111 4
48 424 2
48 417 1
48 183 2
48 100 5
48 393 1
48 264 5
48 349 3
48 89 1
48 112 4
48 73 4
48 451 1
48 459 2
48 90 3
48 425 2
48 321 1
48 41 4
48 418 2
48 434 1
48 140 5
48 93 5
48 436 4
48 257 4
48 224 2
48 326 5
48 233 3
48 462 5
48 182 1
49 66 5
49 287 5
49 267 3
49 303 5
49 402 5
49 421 4
49 339 3
49 385 4
49 39 3
49 54 5
49 248 5
49 118 4
49 294 5
49 157 3
49 239 5
49 334 3
49 220 4
49 1 3
49 143 4
49 244 1
49 419 4
49 318 1
49 346 3
49 189 3
49 452 3
49 277 1
49 447 4
49 204 1
49 345 1
49 411 5
49 319 2
49 249 3
49 171 3
49 18 4
49 486 3
49 448 5
49 129 5
49 121 4
49 33 4
49 265 5
49 147 1
49 172 4
49 327 2
49 184 5
49 259 5
49 480 3
49 230 1
49 266 3
49 228 5
49 364 3
49 340 5
49 44 1
49 250 3
49 74 4
49 465 1
49 164 3
49 406 1
49 444 3
49 475 5
49 438 1
49 94 4
49 258 1
49 199 5
49 29 1
49 466 5
49 206 3
49 456 4
49 161 2
49 108 3
49 368 4
49 490 5
49 396 2
49 67 3
49 148 3
49 141 3
49 488 5
49 347 1
49 117 3
49 260 3
49 301 5
49 282 2
49 131 5
49 400 4
49 59 1
49 106 4
49 32 2
49 469 3
49 295 5
49 102 5
49 75 1
49 19 4
49 238 2
49 454 4
49 173 4
49 369 3
49 34 3
49 181 2
49 370 3
49 10 1
49 175 1
49 174 2
49 180 2
49 12 1
49 132 4
49 407 2
49 214 4
49 387 5
49 115 4
49 437 3
49 487 4
49 328 2
49 391 4
49 245 2
49 386 4
49 70 4
49 420 1
49 36 1
49 323 1
49 69 2
49 179 5
49 196 2
49 46 5
49 395 4
49 159 4
49 176 3
49 152 2
49 116 1
49 479 4
49 197 5
49 113 3
49 83 4
49 9 1
49 439 5
49 381 2
49 91 4
49 330 5
49 168 4
49 440 5
49 317 3
49 251 2
49 292 4
49 77 4
49 246 2
49 261 4
49 126 2
49 3 3
49 284 1
49 383 2
49 86 3
49 489 5
49 225 1
49 4 3
49 426 4
49 217 2
49 55 2
49 142 2
49 187 3
49 423 2
49 235 2
49 427 5
49 134 1
49 145 5
49 56 1
49 23 4
49 241 5
49 455 2
49 453 5
49 271 5
49 87 3
49 62 1
49 252 2
49 471 1
49 314 5
49 211 1
49 160 4
49 384 3
49 412 3
49 136 5
49 185 5
49 243 5
49 57 4
49 158 2
49 344 3
49 48 5
49 311 2
49 413 4
49 290 3
49 324 2
49 348 2
49 61 2
49 223 3
49 291 3
49 272 5
49 281 3
49 11 4
49 449 5
49 42 5
49 435 4
49 222 2
49 392 1
49 247 5
49 433 5
49 275 5
49 310 3
49 201 3
49 476 5
49 24 2
49 105 4
49 137 3
49 331 5
49 398 1
49 473 3
49 288 2
49 5 4
49 359 4
49 202 4
49 205 1
49 373 5
49 163 2
49 268 4
49 207 4
49 335 3
49 200 3
49 464 3
49 403 3
49 213 4
49 151 4
49 128 5
49 84 4
49 16 5
49 95 4
49 103 1
49 361 3
49 122 3
49 388 5
49 342 3
49 212 1
49 208 5
49 445 2
49 123 3
49 85 2
49 191 2
49 286 4
49 82 5
49 350 3
49 477 2
49 107 2
49 397 5
49 355 4
49 52 1
49 92 1
49 209 2
49 336 5
49 242 5
49 130 3
49 269 1
49 322 3
49 195 4
49 76 3
49 443 3
49 35 5
49 169 3
49 371 4
49 372 3
49 298 1
49 124 1
49 210 3
49 236 1
49 379 4
49 356 5
49 470 2
49 192 1
49 422 5
49 463 5
49 316 1
49 68 3
49 53 2
49 215 4
49 432 4
49 357 1
49 27 4
49 186 1
49 280 2
49 270 5
49 360 3
49 221 3
49 2 5
49 283 3
49 329 4
49 309 5
49 37 1
49 120 5
49 468 4
49 114 4
49 7 5
49 354 5
49 15 1
49 79 5
49 263 1
49 165 5
49 127 4
49 338 2
49 404 4
49 190 5
49 155 1
49 99 4
49 405 5
49 300 4
49 38 2
49 483 4
49 442 4
49 376 2
49 231 4
49 389 3
49 380 3
49 482 2
49 80 3
49 415 4
49 218 5
49 255 2
49 98 3
49 367 4
49 51 4
49 307 2
49 256 5
49 308 3
49 313 1
49 343 3
49 285 2
49 50 2
49 109 1
49 410 1
49 458 3
49 332 1
49 65 4
49 474 5
49 333 3
49 144 2
49 60 5
49 320 1
49 232 1
49 72 1
49 416 1
49 139 1
49 167 3
49 429 4
49 162 1
49 25 1
49 22 3
49 227 5
49 63 3
49 26 2
49 81 2
49 446 3
49 240 4
49 97 2
49 17 2
49 377 1
49 229 4
49 30 3
49 21 1
49 13 3
49 178 3
49 491 5
49 460 5
49 378 5
49 111 4
49 424 5
49 417 1
49 183 3
49 100 3
49 393 2
49 264 4
49 349 5
49 89 4
49 112 4
49 451 1
49 459 4
49 90 2
49 425 2
49 321 3
49 41 4
49 418 4
49 434 5
49 140 4
49 93 4
49 257 3
49 224 1
49 326 4
49 233 2
49 462 1
49 182 2
49 45 3
49 362 5
49 216 1
49 358 4
49 138 3
49 28 4
49 430 5
49 234 1
49 133 5
49 237 4
49 119 2
49 382 4
49 47 3
49 401 2
49 104 4
49 135 1
49 153 1
49 472 2
49 312 5
49 58 4
49 414 3
49 125 3
49 365 3
49 461 4
49 253 5
49 297 3
49 149 3
49 305 5
49 278 3
49 304 4
49 43 5
49 71 5
49 450 3
49 341 1
49 302 2
49 351 2
49 315 3
49 254 4
49 194 4
49 6 5
49 226 3
49 293 1
49 188 5
49 156 5
49 193 1
49 40 3
49 485 2
49 352 2
49 31 3
49 96 4
49 478 4
49 64 1
49 170 1
49 409 1
49 101 3
49 150 5
49 177 2
49 273 5
49 20 3
49 154 3
49 428 2
49 262 1
49 49 2
49 146 5
49 431 1
49 481 1
49 14 2
49 484 2
49 374 3
49 375 1
49 441 4
49 198 1
49 467 5
49 299 2
49 457 4
49 337 3
49 306 4
49 399 5
49 366 2
49 110 1
49 279 4
49 276 3
49 166 5
49 296 4
49 88 3
49 8 3
49 274 3
49 394 1
49 390 1
49 353 1
49 325 2
49 203 4
49 78 1
49 408 3
49 289 2
49 219 3
49 363 2
49 73 4
49 436 3
