0 0 4
0 1 1
0 2 5
0 3 2
0 4 4
0 5 2
0 6 1
0 7 1
0 8 2
0 9 3
0 10 2
0 11 5
0 12 2
0 13 3
0 14 4
0 15 4
0 16 4
0 17 1
0 18 4
0 19 5
0 20 4
0 21 1
0 22 3
0 23 5
0 24 1
0 25 2
0 26 1
0 27 2
0 28 5
0 29 4
0 30 4
0 31 4
0 32 4
0 33 5
0 34 3
0 35 4
0 36 1
0 37 2
0 38 3
0 39 2
0 40 2
0 41 2
0 42 1
0 43 3
0 44 4
0 45 5
0 46 4
0 47 5
0 48 4
0 49 4
0 50 4
0 51 1
0 52 5
0 53 5
0 54 3
0 55 4
0 56 4
0 57 3
0 58 5
0 59 2
0 60 5
0 61 5
0 62 2
0 63 3
0 64 3
0 65 2
0 66 1
0 67 5
0 68 1
0 69 4
0 70 2
0 71 5
0 72 2
0 73 2
0 74 5
0 75 2
0 76 3
0 77 5
0 78 2
0 79 5
0 80 1
0 81 5
0 82 3
0 83 4
0 84 1
0 85 2
0 86 4
0 87 5
0 88 2
0 89 5
0 90 4
0 91 3
0 92 1
0 93 1
0 94 4
0 95 1
0 96 5
0 97 5
0 98 4
0 99 4
0 100 3
0 101 4
0 102 2
0 103 5
0 104 5
0 105 4
0 106 3
0 107 3
0 108 2
0 109 3
0 110 4
0 111 1
0 112 1
0 113 4
0 114 4
0 115 5
0 116 1
0 117 5
0 118 2
0 119 2
0 120 5
0 121 5
0 122 2
0 123 5
0 124 5
0 125 1
0 126 4
0 127 2
0 128 5
0 129 5
0 130 5
0 131 3
0 132 2
0 133 2
0 134 4
0 135 3
0 136 2
0 137 1
0 138 3
0 139 3
0 140 1
0 141 4
0 142 5
0 143 4
0 144 4
0 145 2
0 146 4
0 147 2
0 148 5
0 149 4
0 150 2
0 151 4
0 152 3
0 153 2
0 154 1
0 155 5
0 156 5
0 157 5
0 158 5
0 159 5
0 160 5
0 161 1
0 162 5
0 163 5
0 164 3
0 165 3
0 166 4
0 167 3
0 168 1
0 169 1
0 170 4
0 171 2
0 172 5
0 173 4
0 174 4
0 175 4
0 176 2
0 177 4
0 178 1
0 179 5
0 180 1
0 181 2
0 182 5
0 183 1
0 184 2
0 185 3
0 186 2
0 187 1
0 188 2
0 189 5
0 190 1
0 191 1
0 192 4
0 193 1
0 194 4
0 195 2
0 196 3
0 197 3
0 198 3
0 199 4
0 200 1
0 201 4
0 202 1
0 203 2
0 204 3
0 205 4
0 206 2
0 207 4
0 208 3
0 209 5
0 210 3
0 211 4
0 212 5
0 213 2
0 214 2
0 215 1
0 216 4
0 217 1
0 218 1
0 219 4
0 220 3
0 221 4
0 222 4
0 223 4
0 224 4
0 225 4
0 226 4
0 227 2
0 228 4
0 229 5
0 230 3
0 231 2
0 232 3
0 233 2
0 234 4
0 235 4
0 236 2
0 237 5
0 238 3
0 239 3
0 240 2
0 241 3
0 242 2
0 243 4
0 244 5
0 245 3
0 246 2
0 247 5
0 248 2
0 249 2
0 250 5
0 251 2
0 252 3
0 253 4
0 254 4
0 255 4
0 256 2
0 257 3
0 258 4
0 259 1
0 260 4
0 261 4
0 262 3
0 263 1
0 264 1
0 265 4
0 266 1
0 267 1
0 268 2
0 269 3
0 270 2
0 271 2
0 272 2
0 273 1
0 274 1
0 275 1
0 276 3
0 277 1
0 278 2
0 279 2
0 280 5
0 281 3
0 282 3
0 283 5
0 284 2
0 285 1
0 286 3
0 287 3
0 288 2
0 289 3
0 290 3
0 291 5
0 292 1
0 293 2
0 294 3
0 295 1
0 296 2
0 297 2
0 298 5
0 299 5
0 300 1
0 301 4
0 302 2
0 303 1
0 304 3
0 305 4
0 306 3
0 307 4
0 308 4
0 309 1
0 310 4
0 311 4
0 312 2
0 313 2
0 314 2
0 315 4
0 316 1
0 317 2
0 318 3
0 319 1
0 320 2
0 321 5
0 322 1
0 323 2
0 324 5
0 325 1
0 326 2
0 327 2
0 328 4
0 329 5
0 330 4
0 331 5
0 332 5
0 333 2
0 334 4
0 335 1
0 336 5
0 337 3
0 338 1
0 339 1
0 340 3
0 341 4
0 342 2
0 343 4
0 344 4
0 345 1
0 346 5
0 347 2
0 348 5
0 349 5
0 350 2
0 351 4
0 352 2
0 353 1
0 354 1
0 355 5
0 356 3
0 357 5
0 358 5
0 359 2
0 360 5
0 361 5
0 362 3
0 363 5
0 364 4
0 365 4
0 366 2
0 367 4
0 368 2
0 369 1
0 370 2
0 371 5
0 372 1
0 373 2
0 374 3
0 375 2
0 376 4
0 377 3
0 378 4
0 379 2
0 380 2
0 381 3
0 382 5
0 383 5
0 384 1
0 385 2
0 386 1
0 387 2
0 388 3
0 389 5
0 390 5
0 391 5
0 392 1
0 393 2
0 394 5
0 395 5
0 396 5
0 397 2
0 398 4
0 399 2
0 400 3
0 401 3
0 402 5
0 403 1
0 404 4
0 405 4
0 406 4
0 407 3
0 408 3
0 409 2
0 410 2
0 411 1
0 412 3
0 413 2
0 414 2
0 415 2
0 416 5
0 417 1
0 418 2
0 419 5
0 420 4
0 421 2
0 422 4
0 423 3
0 424 5
0 425 2
0 426 5
0 427 5
0 428 4
0 429 5
0 430 2
0 431 1
0 432 4
0 433 2
0 434 4
0 435 3
0 436 1
0 437 1
0 438 3
0 439 2
0 440 3
0 441 3
0 442 5
0 443 3
0 444 3
0 445 2
0 446 2
0 447 1
0 448 5
0 449 2
0 450 2
0 451 5
0 452 4
0 453 4
0 454 5
0 455 2
0 456 4
0 457 4
0 458 3
0 459 1
0 460 3
0 461 4
0 462 3
0 463 5
0 464 5
0 465 5
0 466 3
0 467 3
0 468 4
0 469 3
0 470 5
0 471 3
0 472 1
0 473 3
0 474 4
0 475 5
0 476 5
0 477 1
0 478 3
0 479 4
0 480 1
0 481 1
0 482 4
0 483 1
0 484 3
0 485 2
0 486 3
0 487 2
0 488 4
0 489 4
0 490 1
1 0 5
1 1 3
1 2 5
1 3 2
1 4 2
1 5 1
1 6 5
1 7 1
1 8 5
1 9 3
1 10 5
1 11 5
1 12 1
1 13 2
1 14 3
1 15 1
1 16 4
1 17 2
1 18 5
1 19 4
1 20 5
1 21 3
1 22 2
1 23 4
1 24 4
1 25 3
1 26 5
1 27 3
1 28 5
1 29 3
1 30 3
1 31 1
1 32 2
1 33 5
1 34 4
1 35 1
1 36 2
1 37 3
1 38 4
1 39 1
1 40 2
1 41 1
1 42 3
1 43 1
1 44 4
1 45 5
1 46 5
1 47 3
1 48 2
1 49 3
1 50 2
1 51 3
1 52 4
1 53 4
1 54 4
1 55 3
1 56 5
1 57 5
1 58 2
1 59 3
1 60 4
1 61 3
1 62 1
1 63 1
1 64 3
1 65 4
1 66 2
1 67 1
1 68 5
1 69 4
1 70 4
1 71 2
1 72 3
1 73 5
1 74 2
1 75 4
1 76 1
1 77 3
1 78 1
1 79 4
1 80 4
1 81 1
1 82 4
1 83 2
1 84 4
1 85 3
1 86 5
1 87 1
1 88 4
1 89 4
1 90 3
1 91 3
1 92 5
1 93 1
1 94 4
1 95 5
1 96 4
1 97 3
1 98 4
1 99 5
1 100 4
1 101 5
1 102 4
1 103 1
1 104 2
1 105 4
1 106 3
1 107 3
1 108 2
1 109 1
1 110 5
1 111 1
1 112 2
1 113 4
1 114 3
1 115 2
1 116 1
1 117 5
1 118 4
1 119 2
1 120 1
1 121 2
1 122 2
1 123 5
1 124 2
1 125 3
1 126 5
1 127 5
1 128 4
1 129 4
1 130 1
1 131 5
1 132 3
1 133 1
1 134 1
1 135 4
1 136 2
1 137 5
1 138 2
1 139 2
1 140 3
1 141 4
1 142 2
1 143 2
1 144 4
1 145 4
1 146 2
1 147 5
1 148 4
1 149 3
1 150 1
1 151 4
1 152 4
1 153 3
1 154 2
1 155 5
1 156 1
1 157 3
1 158 5
1 159 5
1 160 1
1 161 3
1 162 3
1 163 4
1 164 5
1 165 2
1 166 3
1 167 1
1 168 3
1 169 3
1 170 4
1 171 3
1 172 1
1 173 3
1 174 4
1 175 4
1 176 2
1 177 5
1 178 3
1 179 1
1 180 5
1 181 1
1 182 4
1 183 2
1 184 1
1 185 4
1 186 1
1 187 3
1 188 2
1 189 5
1 190 1
1 191 4
1 192 1
1 193 3
1 194 5
1 195 3
1 196 4
1 197 2
1 198 4
1 199 3
1 200 2
1 201 3
1 202 4
1 203 2
1 204 3
1 205 4
1 206 2
1 207 5
1 208 1
1 209 5
1 210 3
1 211 2
1 212 3
1 213 2
1 214 1
1 215 4
1 216 4
1 217 5
1 218 4
1 219 5
1 220 5
1 221 4
1 222 1
1 223 1
1 224 4
1 225 4
1 226 1
1 227 1
1 228 4
1 229 5
1 230 5
1 231 5
1 232 1
1 233 5
1 234 4
1 235 2
1 236 2
1 237 3
1 238 2
1 239 4
1 240 5
1 241 2
1 242 4
1 243 3
1 244 5
1 245 2
1 246 2
1 247 2
1 248 1
1 249 2
1 250 5
1 251 2
1 252 2
1 253 3
1 254 1
1 255 2
1 256 2
1 257 5
1 258 3
1 259 2
1 260 1
1 261 1
1 262 5
1 263 5
1 264 4
1 265 1
1 266 1
1 267 1
1 268 1
1 269 1
1 270 4
1 271 1
1 272 5
1 273 4
1 274 5
1 275 1
1 276 4
1 277 4
1 278 5
1 279 5
1 280 1
1 281 1
1 282 1
1 283 2
1 284 3
1 285 3
1 286 2
1 287 2
1 288 1
1 289 5
1 290 5
1 291 3
1 292 2
1 293 1
1 294 4
1 295 3
1 296 3
1 297 1
1 298 5
1 299 4
1 300 5
1 301 3
1 302 1
1 303 4
1 304 2
1 305 4
1 306 5
1 307 5
1 308 3
1 309 1
1 310 2
1 311 5
1 312 3
1 313 3
1 314 5
1 315 5
1 316 5
1 317 2
1 318 2
1 319 3
1 320 1
1 321 1
1 322 5
1 323 3
1 324 1
1 325 5
1 326 1
1 327 2
1 328 2
1 329 2
1 330 1
1 331 5
1 332 5
1 333 2
1 334 5
1 335 4
1 336 2
1 337 5
1 338 2
1 339 5
1 340 5
1 341 5
1 342 1
1 343 2
1 344 4
1 345 3
1 346 3
1 347 3
1 348 5
1 349 2
1 350 3
1 351 2
1 352 1
1 353 1
1 354 5
1 355 1
1 356 2
1 357 5
1 358 5
1 359 2
1 360 4
1 361 1
1 362 2
1 363 3
1 364 4
1 365 2
1 366 5
1 367 5
1 368 4
1 369 5
1 370 3
1 371 4
1 372 4
1 373 5
1 374 2
1 375 3
1 376 2
1 377 2
1 378 5
1 379 4
1 380 2
1 381 4
1 382 5
1 383 1
1 384 4
1 385 4
1 386 4
1 387 4
1 388 4
1 389 4
1 390 3
1 391 1
1 392 3
1 393 3
1 394 1
1 395 3
1 396 3
1 397 2
1 398 3
1 399 4
1 400 5
1 401 4
1 402 5
1 403 3
1 404 5
1 405 3
1 406 4
1 407 3
1 408 2
1 409 5
1 410 4
1 411 4
1 412 1
1 413 1
1 414 4
1 415 5
1 416 1
1 417 3
1 418 4
1 419 4
1 420 4
1 421 2
1 422 1
1 423 4
1 424 5
1 425 3
1 426 4
1 427 3
1 428 4
1 429 3
1 430 5
1 431 1
1 432 2
1 433 1
1 434 5
1 435 4
1 436 5
1 437 1
1 438 4
1 439 5
1 440 2
1 441 2
1 442 1
1 443 1
1 444 3
1 445 2
1 446 2
1 447 4
1 448 4
1 449 4
1 450 3
1 451 5
1 452 2
1 453 1
1 454 4
1 455 1
1 456 2
1 457 5
1 458 4
1 459 1
1 460 1
1 461 4
1 462 4
1 463 5
1 464 3
1 465 4
1 466 1
1 467 2
1 468 3
1 469 4
1 470 2
1 471 2
1 472 5
1 473 5
1 474 3
1 475 2
1 476 5
1 477 3
1 478 1
1 479 1
1 480 4
1 481 2
1 482 2
1 483 5
1 484 5
1 485 1
1 486 2
1 487 2
1 488 5
1 489 5
1 490 2
2 0 3
2 1 5
2 2 2
2 3 5
2 4 5
2 5 1
2 6 3
2 7 1
2 8 1
2 9 3
2 10 2
2 11 1
2 12 4
2 13 3
2 14 5
2 15 2
2 16 3
2 17 1
2 18 3
2 19 5
2 20 4
2 21 4
2 22 2
2 23 3
2 24 2
2 25 3
2 26 4
2 27 1
2 28 2
2 29 3
2 30 4
2 31 4
2 32 4
2 33 5
2 34 3
2 35 5
2 36 3
2 37 1
2 38 4
2 39 2
2 40 1
2 41 2
2 42 4
2 43 3
2 44 1
2 45 1
2 46 2
2 47 3
2 48 3
2 49 1
2 50 5
2 51 2
2 52 4
2 53 4
2 54 4
2 55 2
2 56 2
2 57 1
2 58 5
2 59 2
2 60 4
2 61 2
2 62 1
2 63 2
2 64 3
2 65 1
2 66 4
2 67 3
2 68 4
2 69 4
2 70 3
2 71 5
2 72 5
2 73 5
2 74 5
2 75 5
2 76 1
2 77 1
2 78 3
2 79 1
2 80 3
2 81 2
2 82 4
2 83 3
2 84 3
2 85 2
2 86 1
2 87 5
2 88 4
2 89 5
2 90 1
2 91 4
2 92 4
2 93 3
2 94 4
2 95 1
2 96 4
2 97 3
2 98 4
2 99 4
2 100 4
2 101 1
2 102 1
2 103 2
2 104 2
2 105 1
2 106 5
2 107 1
2 108 4
2 109 4
2 110 3
2 111 4
2 112 4
2 113 3
2 114 2
2 115 1
2 116 4
2 117 2
2 118 1
2 119 4
2 120 3
2 121 2
2 122 1
2 123 3
2 124 1
2 125 3
2 126 4
2 127 5
2 128 4
2 129 1
2 130 4
2 131 3
2 132 3
2 133 3
2 134 2
2 135 2
2 136 5
2 137 5
2 138 5
2 139 4
2 140 1
2 141 3
2 142 2
2 143 5
2 144 1
2 145 4
2 146 5
2 147 4
2 148 1
2 149 5
2 150 1
2 151 2
2 152 4
2 153 5
2 154 2
2 155 2
2 156 3
2 157 3
2 158 1
2 159 5
2 160 4
2 161 2
2 162 1
2 163 4
2 164 2
2 165 3
2 166 3
2 167 3
2 168 1
2 169 5
2 170 4
2 171 4
2 172 1
2 173 5
2 174 2
2 175 1
2 176 4
2 177 3
2 178 2
2 179 1
2 180 2
2 181 1
2 182 5
2 183 5
2 184 4
2 185 3
2 186 3
2 187 3
2 188 1
2 189 3
2 190 2
2 191 4
2 192 5
2 193 5
2 194 1
2 195 2
2 196 1
2 197 4
2 198 1
2 199 4
2 200 4
2 201 4
2 202 4
2 203 5
2 204 3
2 205 3
2 206 1
2 207 4
2 208 5
2 209 3
2 210 3
2 211 3
2 212 1
2 213 4
2 214 4
2 215 5
2 216 5
2 217 3
2 218 5
2 219 3
2 220 4
2 221 4
2 222 4
2 223 2
2 224 4
2 225 3
2 226 1
2 227 1
2 228 5
2 229 5
2 230 2
2 231 3
2 232 2
2 233 1
2 234 1
2 235 2
2 236 3
2 237 3
2 238 1
2 239 1
2 240 3
2 241 1
2 242 5
2 243 4
2 244 3
2 245 2
2 246 1
2 247 4
2 248 3
2 249 5
2 250 5
2 251 4
2 252 5
2 253 2
2 254 5
2 255 2
2 256 3
2 257 1
2 258 5
2 259 5
2 260 4
2 261 2
2 262 4
2 263 5
2 264 2
2 265 1
2 266 2
2 267 2
2 268 2
2 269 2
2 270 5
2 271 1
2 272 2
2 273 1
2 274 5
2 275 3
2 276 5
2 277 1
2 278 2
2 279 1
2 280 5
2 281 1
2 282 1
2 283 1
2 284 1
2 285 4
2 286 3
2 287 2
2 288 4
2 289 4
2 290 3
2 291 3
2 292 2
2 293 3
2 294 3
2 295 3
2 296 3
2 297 2
2 298 4
2 299 4
2 300 4
2 301 3
2 302 5
2 303 1
2 304 4
2 305 2
2 306 4
2 307 1
2 308 5
2 309 1
2 310 1
2 311 5
2 312 4
2 313 3
2 314 1
2 315 1
2 316 3
2 317 4
2 318 4
2 319 5
2 320 2
2 321 3
2 322 1
2 323 4
2 324 3
2 325 4
2 326 4
2 327 3
2 328 1
2 329 2
2 330 3
2 331 4
2 332 4
2 333 1
2 334 3
2 335 1
2 336 1
2 337 2
2 338 2
2 339 5
2 340 1
2 341 1
2 342 2
2 343 1
2 344 2
2 345 1
2 346 1
2 347 2
2 348 1
2 349 5
2 350 2
2 351 3
2 352 2
2 353 2
2 354 5
2 355 5
2 356 5
2 357 1
2 358 5
2 359 4
2 360 2
2 361 2
2 362 2
2 363 1
2 364 3
2 365 2
2 366 5
2 367 4
2 368 3
2 369 5
2 370 2
2 371 3
2 372 5
2 373 3
2 374 3
2 375 1
2 376 4
2 377 3
2 378 5
2 379 5
2 380 2
2 381 3
2 382 5
2 383 4
2 384 5
2 385 2
2 386 2
2 387 3
2 388 5
2 389 3
2 390 5
2 391 3
2 392 2
2 393 5
2 394 3
2 395 2
2 396 3
2 397 2
2 398 4
2 399 4
2 400 3
2 401 4
2 402 3
2 403 4
2 404 4
2 405 3
2 406 4
2 407 2
2 408 5
2 409 5
2 410 3
2 411 5
2 412 5
2 413 2
2 414 2
2 415 3
2 416 1
2 417 3
2 418 3
2 419 4
2 420 1
2 421 2
2 422 3
2 423 3
2 424 5
2 425 1
2 426 1
2 427 4
2 428 1
2 429 2
2 430 1
2 431 2
2 432 1
2 433 5
2 434 2
2 435 3
2 436 3
2 437 2
2 438 1
2 439 4
2 440 1
2 441 4
2 442 2
2 443 2
2 444 4
2 445 5
2 446 2
2 447 3
2 448 4
2 449 5
2 450 2
2 451 2
2 452 5
2 453 1
2 454 2
2 455 4
2 456 4
2 457 4
2 458 4
2 459 3
2 460 2
2 461 5
2 462 1
2 463 4
2 464 2
2 465 1
2 466 2
2 467 5
2 468 1
2 469 5
2 470 3
2 471 1
2 472 4
2 473 4
2 474 1
2 475 2
2 476 3
2 477 2
2 478 1
2 479 4
2 480 2
2 481 1
2 482 5
2 483 5
2 484 4
2 485 4
2 486 2
2 487 5
2 488 3
2 489 5
2 490 1
3 1 5
3 2 5
3 3 3
3 4 5
3 5 5
3 6 4
3 8 3
3 9 4
3 10 3
3 11 5
3 12 5
3 13 4
3 14 5
3 16 3
3 17 5
3 18 3
3 19 4
3 20 3
3 21 4
3 22 1
3 23 4
3 24 1
3 25 3
3 27 3
3 28 3
3 29 1
3 30 4
3 31 1
3 32 1
3 33 5
3 34 2
3 35 3
3 36 3
3 38 4
3 39 3
3 40 5
3 41 5
3 42 4
3 43 4
3 44 5
3 45 1
3 46 4
3 47 2
3 49 5
3 50 5
3 51 3
3 52 1
3 53 3
3 54 5
3 55 3
3 56 5
3 57 1
3 58 3
3 60 4
3 61 1
3 62 3
3 63 1
3 64 3
3 65 5
3 66 1
3 67 4
3 68 1
3 69 5
3 71 1
3 72 5
3 73 3
3 74 4
3 75 2
3 76 3
3 77 4
3 78 5
3 79 2
3 80 3
3 82 3
3 83 3
3 84 5
3 85 1
3 86 3
3 87 3
3 88 5
3 89 2
3 90 5
3 91 4
3 93 1
3 94 4
3 95 2
3 96 3
3 97 5
3 98 5
3 99 1
3 100 4
3 101 2
3 102 4
3 104 4
3 105 3
3 106 3
3 107 2
3 108 3
3 109 1
3 110 1
3 111 2
3 112 2
3 113 1
3 115 4
3 116 2
3 117 4
3 118 5
3 119 4
3 120 3
3 121 4
3 122 2
3 123 4
3 193 2
3 194 4
3 195 4
3 196 1
3 197 1
3 198 1
3 199 2
3 201 5
3 202 2
3 203 5
3 204 4
3 205 4
3 206 3
3 207 2
3 208 1
3 209 4
3 210 5
3 212 3
3 213 4
3 214 1
3 215 5
3 216 2
3 217 4
3 218 5
3 219 4
3 220 5
3 221 3
3 223 2
3 224 4
3 225 4
3 226 2
3 227 4
3 228 2
3 229 3
3 230 1
3 231 2
3 232 3
3 234 5
3 235 1
3 236 3
3 237 4
3 238 2
3 239 2
3 240 2
3 241 3
3 242 2
3 243 2
3 245 5
3 246 1
3 247 5
3 248 1
3 249 4
3 250 5
3 251 2
3 252 5
3 253 5
3 254 3
3 256 1
3 257 2
3 258 1
3 259 5
3 260 1
3 261 4
3 262 3
3 263 3
3 264 5
3 265 5
3 267 5
3 268 4
3 269 2
3 270 3
3 271 5
3 272 2
3 273 4
3 274 3
3 275 2
3 276 2
3 278 2
3 279 3
3 280 3
3 281 5
3 282 3
3 283 4
3 284 5
3 285 5
3 286 4
3 287 2
3 289 1
3 290 5
3 291 5
3 292 5
3 293 3
3 294 3
3 295 5
3 296 2
3 297 4
3 298 3
3 300 5
3 301 1
3 302 3
3 303 2
3 304 4
3 305 4
3 306 4
3 307 1
3 308 5
3 0 2
3 7 4
3 15 4
3 26 3
3 37 3
3 48 3
3 59 3
3 70 4
3 81 4
3 92 5
3 103 4
3 114 5
3 124 4
3 125 1
3 126 3
3 127 3
3 128 5
3 129 3
3 130 1
3 131 5
3 132 2
3 133 3
3 134 2
3 135 2
3 136 4
3 137 5
3 138 3
3 139 2
3 140 2
3 141 5
3 142 4
3 143 1
3 144 1
3 145 2
3 146 5
3 147 5
3 148 3
3 149 1
3 150 3
3 151 4
3 152 3
3 153 3
3 154 5
3 155 3
3 156 4
3 157 3
3 158 1
3 159 1
3 160 3
3 161 1
3 162 4
3 163 5
3 164 2
3 165 1
3 166 5
3 167 5
3 168 1
3 169 3
3 170 2
3 171 4
3 172 4
3 173 1
3 174 4
3 175 1
3 176 2
3 177 5
3 178 3
3 179 3
3 180 5
3 181 3
3 182 4
3 378 5
3 379 1
3 380 5
3 381 4
3 382 4
3 383 5
3 384 5
3 386 1
3 387 5
3 388 1
3 389 5
3 390 4
3 391 2
3 392 4
3 393 5
3 394 1
3 395 4
3 397 5
3 398 4
3 399 2
3 400 4
3 401 4
3 402 2
3 403 4
3 404 3
3 405 3
3 406 2
3 408 3
3 409 4
3 410 5
3 411 2
3 412 3
3 413 4
3 414 4
3 415 2
3 416 5
3 417 3
3 419 1
3 420 3
3 421 2
3 422 2
3 423 1
3 424 1
3 425 3
3 426 1
3 427 4
3 428 5
3 430 3
3 431 2
3 432 5
3 433 1
3 434 1
3 435 1
3 436 1
3 437 1
3 438 3
3 439 4
3 441 1
3 442 1
3 443 3
3 444 5
3 445 3
3 446 2
3 447 2
3 448 3
3 449 4
3 450 2
3 452 2
3 453 1
3 454 4
3 455 3
3 456 1
3 457 3
3 458 3
3 459 5
3 460 5
3 461 5
3 463 4
3 464 5
3 465 1
3 466 3
3 467 3
3 468 2
3 469 4
3 470 5
3 471 4
3 472 4
3 474 1
3 475 4
3 476 2
3 477 2
3 478 3
3 479 4
3 480 4
3 481 5
3 482 4
3 483 4
3 485 3
3 486 1
3 487 4
3 488 2
3 489 1
3 490 2
3 183 3
3 184 5
3 185 1
3 186 4
3 187 3
3 188 4
3 189 5
3 190 1
3 191 5
3 192 4
3 200 2
3 211 4
3 222 3
3 233 2
3 244 4
3 255 1
3 266 1
3 277 2
3 288 5
3 299 4
3 309 3
3 310 3
3 311 3
3 312 4
3 313 5
3 314 3
3 315 3
3 316 5
3 317 3
3 318 4
3 319 5
3 320 5
3 321 3
3 322 1
3 323 2
3 324 2
3 325 3
3 326 4
3 327 4
3 328 5
3 329 3
3 330 1
3 331 5
3 332 5
3 333 1
3 334 3
3 335 2
3 336 2
3 337 3
3 338 4
3 339 4
3 340 1
3 341 1
3 342 1
3 343 3
3 344 5
3 345 2
3 346 5
3 347 3
3 348 3
3 349 2
3 350 1
3 351 2
3 352 5
3 353 1
3 354 1
3 355 2
3 356 2
3 357 3
3 358 1
3 359 4
3 360 1
3 361 5
3 362 2
3 363 4
3 364 3
3 365 4
3 366 5
3 367 2
3 368 1
3 369 4
3 370 3
3 371 5
3 372 4
3 373 3
3 374 3
3 375 3
3 376 1
3 377 1
3 385 1
3 396 2
3 407 4
3 418 1
3 429 3
3 440 2
3 451 3
3 462 2
3 473 4
3 484 3
